1.69610417665239
-1.19460753269289
-3.82859908948294
-4.40554181602692
1.41620612938015
-3.11635028577241
-4.95795063826260
-2.31991668956038
-2.56263379857740
1.51773344957176
-2.29167673117814
-6.89464044383042
-2.87799073057118
-4.57265662734194
-2.40087604365839
-3.85633243110307
-2.86088202527134
-5.95206332084258
3.30445815844242
-1.97641435461044
-4.12377440029411
-3.55674828896549
-2.48489865537494
-1.19385397687003
-0.923875014667131
0.260675277870398
-3.74445505114439
-0.454165762119823
-2.15875041148139
0.285064861937910
-2.37812778687196
-3.88013290569070
-2.03557867156865
-3.88876625770787
-4.18253465904554
-6.58581918735070
-3.84841416388704
-1.63296459033446
-3.24525238370058
1.64045602823462
-2.09057248941004
-3.02281729105172
-2.58106605193689
2.57454154064144
-4.81141818708140
2.06577495669143
-4.71405471000319
-5.52305604286676
0.621341733854040
-1.34815415896136
-3.07447678492297
1.86021876255577
-0.212752341849401
-3.46206649970334
-3.11613563896521
-1.64881971869006
0.515495692107347
-0.0691840911891789
-3.78376838847898
-4.06931191905145
0.105480654851932
-5.47374907645044
-3.31533121548270
-4.39366732313200
-4.75897678620300
0.903111678534525
-6.39440221512628
2.04697084926445
-2.22646722580832
-3.38619781023469
1.21801318822570
-0.462215422927434
-1.57829460143881
-3.76469455195407
1.62131011642430
-2.82508435996543
-1.69407853301024
-3.80754538394678
-2.79410367715829
-1.37846917422936
0.521567178296891
1.59405821444117
-0.920179854560898
0.663697220011120
0.819342589790932
-1.05396182810355
2.06617576493796
-4.16181415961357
-2.43878304654438
0.570241057966560
-3.90445592541803
-2.42619604378469
-2.09982062280400
-1.31038663216060
-3.33481800140820
-4.49888603256253
-5.33686656154263
-5.22454433292260
-3.79941384746364
0.101179498225766