-3.42694170866258
0.134760231798575
-0.710744770735849
-4.29659011807001
-3.66437181383510
-0.613164932571770
-0.421559481028733
-4.31796479752757
-3.67046450772715
-0.883268963360345
-4.22767619345066
-4.14066325678453
-2.96676728783594
-3.71626697965677
-1.13739493324864
-3.42236184175253
-3.22909793453693
-0.151984453573267
-1.25945526871293
-4.16738405797908
-3.49005035892529
-1.47081891257821
-4.77304851378557
-3.65742387344832
-3.75167887960026
-3.32027524685651
-4.61303955064272
-2.92066913024897
-2.23735048198297
-0.713870304224175
-4.26312778269964
-2.89627222889160
-4.06297314362605
-3.08901636370401
-2.76811050413014
0.356131904854020
-3.83201608961782
-2.39506689244896
-4.58910767917614
-2.70768761046145
-4.13939230582874
-2.11505035794238
-2.88092949013862
-1.97774963853007
-3.41500686766893
-2.90287120285724
-3.10977633210971
-4.36134192956188
-1.88604188315431
-3.82879790551368