-0.869450289582668
-1.91408236334962
-1.42334107688164
-0.399847254109983
-1.87228158453423
-1.23286454186129
-1.76140907565653
-3.14725339782111
-0.283973632143689
0.119919103034158
-0.869625362209909
-1.80499011678620
0.00732340899917883
2.95326393125463
-2.11210103483696
-1.61925105589862
-0.904164945855755
-0.912839023840231
-0.833085931450879
-1.13799678826043
-0.419288380234316
-0.969170326127160
-0.871176536089739
-1.29663188318813
-0.872487118939323
-1.38389207422756
-1.14166025672576
-1.60236624644422
-1.11326762332825
-1.31127987161193
-1.17742540066951
-0.849277673299471
-1.06804670415588
-0.780500317105489
-0.541214482488477
-0.227385579896710
-0.156683806635131
-0.464440991081642
-0.462762113220837
-0.937826304436434
-1.13093421904403
-1.25309760551697
-0.996348277223265
0.128961667855922
-0.543803075461630
-1.34825116944628
-0.648732700721353
-0.834151814470417
-0.761001185418406
-0.00641182248069089
0.373085325537038
0.352797732403303
0.325466042640097
0.142768972711835
-1.03022660373789
-1.18704949087651
-1.58422502136919
-1.65503420550208
-1.46874393361082
-2.03167643835629
-1.46234457577541
-1.12636485415158
-0.579595101961634
-0.233213668002576
0.427395846479969
1.76280326537068
1.59256659473591
1.77766181389285
0.823758124339489
-0.512297895469035
-1.68523429981135
-1.87318344998422
-2.16223817355119
-2.58609903767113
-1.65196109155418
-1.16633348895728
-0.964833611538966
-0.476918911212783
0.140771707010894
1.65523831054865
2.94899085625086
3.59530212126234
3.14795220025231
2.18339615147318
0.580718856702055
-0.425535738868958
-1.43440907068668
-1.88898257733350
-1.71987538441451
-1.39297215663835
-1.09443982232108
-0.742113531512016
-0.308293207890891
1.46378278666410
3.06937047552699
4.38993158545363
5.31955041511251
4.59128129079105
3.30456328521092
1.90207518403574
0.497714198290483
-1.08567970154580
-1.86175659049550
-2.10668860179901
-0.764418898331795
-0.790040971823229
-1.08645336429252
-0.293282624472110
1.76513888671682
3.86017045809531
5.52060129041781
20.3980544673173
5.69220024766631
3.86385552645930
2.32661968839691
0.460006162446744
-0.786147695116932
-1.57099650410282
-1.64812956016145
-0.885305473996062
-1.41842299524390
-0.965305961260966
0.0177979200256506
2.16074735430016
3.37403884086407
4.60374303134796
5.62868491046821
4.51305416687278
3.45679968121058
2.41196709344038
0.661547500696048
-0.690080647034300
-1.61179282936119
-3.19503251079324
-1.33939749224786
-1.02236272161937
-1.02105650790771
0.152005963529585
1.16258890979939
2.29877921283684
3.38326942851808
3.87761277575319
3.57200776145362
2.52085253328480
1.60508299606059
0.415365761011493
-0.981599343057198
-1.43490969379931
-3.35077182366497
-1.37923141365408
-0.605184700842801
-0.276136842628618
-0.0771711058862175
0.508530016750639
1.22569281137286
2.40613844132427
2.42925684950241
2.41899184301849
1.77655999975853
0.579104891108629
0.271863340198000
-0.481214913957445
-1.03684703201751
-2.88446454975148
-1.85919128829647
-1.06427131787341
-0.259096324582468
-0.124077061783127
0.438765039154246
0.798997324561050
1.34036619799656
1.19531439216221
1.00138436314377
0.810887496927071
0.327263208878769
0.0596675481276378
-0.126897827198787
-0.379375916365615
-0.213698603609652
-0.913941824196413
-0.638842889936673
-0.515509549301617
-0.168161254973462
-0.00470852766539001
0.163999633297165
0.431433403183778
0.229165978099736
0.483885340599142
0.195714230477886
-0.193210455670018
-0.278186252838307
-0.292445335057835
-0.720788428112809
-0.671615285840941
0.941857157993177
-1.08511552170238
-0.514350123689274
-0.371288814864936
-0.692182232456642
0.0790909489342745
-0.422345887807071
-0.615232555387459
-0.546567122476159
-0.486485113068030
-0.376940020673921
-0.640148235473867
-0.209639170435637
-1.31457735188662
-0.182519936884066
0.514763777601140
-0.371610272028047
-1.88809858652331
-1.50683653233008
-0.646209902456427
-2.77935468786100
-1.99634406839158
-1.15344298087544
-1.42501490526337
-2.80889742444367
-1.44820724106932
-1.97927190374260
-0.880243698581999
0.134911897026603
1.03448414036827
-6.95200021232195