-0.088110553218078
-0.043295985245330
0.428153904317227
0.161494813111418
-0.131878366327343
0.155171678329303
-0.157066357697296
0.013027289564310
0.116886778567424
-0.171015178006931
-0.111066636965504
-0.203673421261976
-0.123590974388254
0.030537193754356
0.079851787224282
0.319621018138334
-0.167165876808724
-0.231432116301330
-0.146433832959168
-0.006636855951736
0.746734320201701
0.104659390401800
-0.167143451815205
-0.112731945563865
-0.122702885170918
-0.108766681547593
-0.046010370434332
-0.194782183230121
-0.053677455765385
-0.136613611373653
-0.097893802212817
-0.031764773120902
0.039883236341970
0.561620344875378
0.625987330988805
-0.243696193864467
0.192781966152760
0.100550051597860
0.101385656700476
-0.186794428832363
0.070491399547081
0.249200914330499
0.197671421476584
-0.152953730700258
0.549226219175187
-0.184857715847242
0.290886584704917
-0.112619740376705
-0.139140576650562
-0.067195484349093
0.273641633937669
-0.170689075778538
0.004576775812267
0.392935014262407
0.387103312930136
-0.100656977425169
-0.136014439860902
-0.048620294160682
0.315029767166427
0.540554922000168
-0.054264051061657
-0.203536131159859
0.093500798540239
0.265679941689540
0.350940076182533
-0.161777203890206
-0.175171817189955
-0.088120207606379
0.019391368653396
0.508228140229595
-0.083310443187868
-0.049722131612837
-0.180991741590276
-0.084171955705083
-0.144402750920720
0.211193323055502
0.097963879210502
0.150305799959642
0.083892798084725
-0.066515129138410
-0.152124949164734
-0.136672818628710
-0.197718552831330
-0.119621086009952
-0.187788606970385
-0.110767373441092
-0.137527911340870
0.036928198796128
-0.055463174740362
-0.157218055377257
0.396413296298602
-0.080026670031716
0.007124976113386
-0.098243300399698
0.167266251050645
-0.072453221234336
-0.084767433885417
-0.050177474271753
0.521177182702777
-0.090144626547137
-0.212725333100405
-0.193841648835622
-0.177496975365005
-0.197635082751126
-0.210327847595792
-0.171413137059628
-0.326982451025675
-0.167377000232976
-0.170559247180306
-0.213712495374184
-0.175239700692606
-0.343414876730344
-0.186925514508913
-0.277533788979467
-0.177356571390375
-0.214205390689960
-0.167719277744821
-0.344339482817915
-0.224533729921723
-0.174023424292558
-0.198153360611683
-0.220982707167203
-0.169447072649820
-0.189602024934878
-0.182589395703475
-0.205952319496917
-0.150429369786812
-0.194678324387320
-0.185433154681347
-0.206787484353354
-0.169475636848737
-0.184209897949541
-0.174581360627716
-0.177290219338226
-0.181796314554454
-0.346507128486825
-0.213685354466985
-0.175743343907587
-0.163451071733274
-0.209866658996926
-0.186221699830740
-0.180606857508952
-0.181336759992175
-0.221285729328247
-0.240208929153384
-0.214100591974965
-0.246744207171012
-0.362660429668235
-0.208819262964769
-0.186224234539813
-0.171817410326184
-0.208235036346027
-0.210979627637583
-0.165857594759836
-0.193535646242274
-0.177603031730282
-0.194732059645677
-0.203843974400989
-0.190943985992487
-0.238031674226626
-0.202081345490168
-0.339577706788046
-0.186371208972226
-0.203356356753258
-0.282122511334760
-0.212967505386643
-0.339709825589499
-0.212384772377513
-0.179071801766897
-0.161521472068179
-0.212941277782536
-0.200625476170887
-0.165081697841634
-0.181930100734364
-0.216780274389666
-0.196313440430395
-0.184392513813540
-0.186315899318279
-0.175808484907210
-0.178465871708745
-0.206266386913189
-0.216337108827213
-0.173900580711017
-0.209788022212121
-0.198843764492006
-0.185012232064978
-0.216074840426686
-0.229997936149391
-0.177919757805635
-0.198084700101432
-0.174431519703106
-0.173864740041857
-0.181260410121709
-0.186303872381078
-0.201816621126486
-0.287239967463615
-0.358363688155044
-0.354139818010175
-0.169091303009137
-0.198583905628560
-0.185462238461452
-0.169918684097299
-0.169445974748222
-0.159767019696068
-0.182191115701578
-0.137260790456430
-0.114826889623479
-0.145521213182660
-0.144229065070188
-0.188550679367527
-0.145892729441189
0.117967591370597
-0.143402031438627
-0.184597866889174
-0.151966361401786
-0.199657426577417
-0.165337543379421
0.048168056771071
-0.196179402922132
-0.150271306171776
-0.167817312231227
-0.157533751175210
-0.133476632768738
-0.161174314249646
-0.154346344301771
-0.177524762003966
-0.130172299487986
-0.164042182804626
-0.174258514703110
-0.179247012779143
-0.130124743929576
-0.117927828390254
-0.141897780055453
-0.159240302140011
-0.164961187859171
0.117207807341318
-0.162309080573446
-0.149803696947091
-0.139691474627704
-0.181288501375921
-0.161510224114782
-0.162009257159662
-0.162322800801234
-0.194169420910634
-0.164504658504797
-0.187217681613834
-0.181608928225533
-0.058534543244671
-0.187342561837840
-0.166530603677258
-0.152315634244586
-0.178508609789718
-0.185727649970523
-0.143774547180758
-0.165587181906054
-0.146105294138188
-0.168229683113909
-0.178347576717638
-0.139048005614325
-0.183758845238225
-0.175159278143086
-0.069596083758277
-0.152221011570910
-0.144745091441424
-0.134292039398188
-0.186343671108742
0.089307127068424
-0.184443642652811
-0.156778479154902
-0.141936571358306
-0.185570124421232
-0.175624054724490
-0.133939149986664
-0.147446804817046
-0.188311247800458
-0.164671341327451
-0.157030711941946
-0.155117252612106
-0.153084183952442
-0.150076476858733
-0.176794588630576
-0.187526055003565
-0.151761398972170
-0.188008261554789
-0.167504331881146
-0.165980961397396
-0.188046906847603
-0.160648440808753
-0.140250409852905
-0.168553572765652
-0.129445710332728
-0.149182879469817
-0.156330679762352
-0.158256113882396
-0.163142843334395
-0.141881040950967
-0.093732352082386
-0.094051658551386
-0.147674425701965
-0.170699436108460
-0.048502076262502
0.017041520453377
-0.089365875380343
0.518163310690455
-0.007925604441983
0.071823898348557
0.147355250839254
-0.138153286430745
-0.093487084898663
0.388933279026124
0.097236535747440
-0.194720307331878
-0.145389095037388
-0.053171838920926
0.088057462007299
-0.055576225633586
0.295822845395461
0.046790697780167
-0.155368884733481
0.472940229821812
0.003914218082082
0.081192548631876
0.946332625580211
0.078139151417755
0.448697692023584
-0.150393824054060
0.175956626926097
0.660055587725279
0.116801185477777
0.191536363100948
0.774087386190558
0.032987440253192
0.068022557709548
0.289035458038410
0.104196837925742
-0.195236226724383
0.410730008410709
0.019703159257989
0.052705795804272
0.536322910797869
0.220713197667624
0.365253984100775
0.302831704311129
0.314589014718902
-0.191681272044634
0.391966653653374
-0.082486334588884
-0.123104160403036
0.031670128209025
0.203675862740981
-0.150723538966016
-0.293264789746908
-0.099357258339578
-0.125405642956855
-0.116649658375408
-0.033695611175031
-0.200219264315455
0.186306383081596
-0.069579500982374
0.253361478878715
0.279400552194864
-0.040716429994984
-0.128329755304617
0.198724821195678
0.043545303854034
-0.310032817299739
-0.123978219440985
-0.190217351224760
-0.000877326114645
0.327022163162203
-0.091382708530767
0.314591659002423
-0.163284667807475
-0.024217698161349
-0.143749837213326
-0.077446734548677
0.053193926746993
0.045931268535230
-0.110257835375785
0.061119091357870
-0.331635385027026
-0.153366894356090
0.307770894355565
-0.174768905780069
-0.314657241751123
0.169189925411035
-0.256246197711315
0.667770685707264
0.038655760057587
-0.254983610212771
0.067474823423996
-0.036283350000970
0.350125171576416
-0.036281690005407
-0.001766127714773
0.314364195808106
-0.102023227168514
-0.143129194454648
-0.083125926916284
-0.326486369875833
-0.071562321515792
-0.104127286053846
0.056160738870794
0.700548137741226
-0.142536555946891
0.055352182468467
0.305639293663708
-0.000434233698221
-0.173421718798091
-0.125354233205344
0.078272269333011
-0.166936928167630
0.281809822954276
0.275857469637088
-0.205187816004450
-0.299028656123016
0.067928826427118
0.244824338286376
-0.189668248275071
0.315613869471181
0.099441480883254
-0.177734531010202
-0.005116420417238
-0.062139745736691
-0.113651931017504
-0.196688271677549
0.872614447245618
-0.099894957516741
-0.111565338947022
-0.148276328646929
0.059603739438561
0.453015706573035
-0.063409058900877
0.490079152254001
-0.011620343835476
0.203401951944520
0.012686525198692
0.052856528324419
-0.010445343211825
-0.113639530115365
0.061655527844653
0.286733794620352
-0.140653723237179
-0.148374216987413
0.214084547630910
-0.108994928126190
0.717975800140980
0.211800286113801
-0.131803755308652
-0.098950782257889
-0.022399308458448
-0.097992406889252
-0.147908418098722
-0.086225352201750
-0.070661734574100
0.090021626903060
0.182281854005718
-0.115466538826185
-0.015632548548493
0.092287295637494
-0.084895229232599
0.312410718692307
-0.142655580018469
0.103288253316679
0.307358825907555
-0.140692020708753
-0.455613319305774
-0.138522055554430
-0.072533268951814
0.035861414605317
-0.169853314826811
-0.047095253650368
0.246569091360311
0.857330240879646
-0.177962870853300
-0.126336282209028
-0.185203333415093
0.206654643036928
-0.216806259608470
0.292339387672884
-0.130946281570990
-0.183262573780175
0.508126046013818
-0.145882955964122
-0.082930895627686
0.125637422418322
-0.194978328626657
0.039836896289930
-0.021106523810884
-0.041564415007706
0.086963624998194
-0.120148227036734
-0.096310707442632
-0.083772335286994
0.085157947593980
0.455560811254514
-0.440139988099966
0.058898488379677
0.006875905039850
-0.154216617764832
-0.192610840555213
-0.177113819877813
-0.170593067099218
-0.169019135793320
-0.187271617497022
-0.141926343919522
-0.124805082925641
-0.147019736312766
-0.150764099404691
-0.196251088282783
-0.151831795022269
0.088276419000602
-0.150951136557963
-0.180624178940167
-0.158261221580478
-0.189870646121827
-0.171904501836999
0.021765393658810
-0.201289551661103
-0.160859403453417
-0.163069604730205
-0.162233209982057
-0.140705633783684
-0.166301972539153
-0.159319327302874
-0.182167034989587
-0.143600747120257
-0.170899248326496
-0.180009500656524
-0.185189717111150
-0.137583671539806
-0.126899400069789
-0.148357954636841
-0.166725238340234
-0.167884631112490
0.104479167584742
-0.166500582017470
-0.153642231510753
-0.146793772148173
-0.187584421199321
-0.166839807071275
-0.170425348979091
-0.165821729413439
-0.200623252239960
-0.171192445873955
-0.192803243780374
-0.189455770490347
-0.059804028084842
-0.190133509904566
-0.172027563666206
-0.153587236047012
-0.184178886304553
-0.188328245755527
-0.153993731985040
-0.166088683160470
-0.151604112014222
-0.175516047720710
-0.183121070390860
-0.137167241548170
-0.184908917249784
-0.181022334352359
-0.101092044690181
-0.150802474842108
-0.157834974058317
-0.136370319632861
-0.188568800803099
0.073072957339292
-0.190242013243870
-0.162588127357927
-0.149696525283873
-0.191138006045599
-0.183681620905661
-0.139497554207150
-0.160299475196707
-0.193298475353949
-0.164014590323398
-0.162664613371223
-0.166228474578125
-0.156181619052306
-0.158408970839000
-0.179817000734671
-0.193070228414378
-0.161847258039092
-0.189903378907377
-0.172155359296424
-0.175147368559222
-0.192726730643479
-0.172446725402807
-0.148192465251261
-0.174153430422970
-0.133910236808843
-0.155337959846473
-0.161089216068368
-0.164463805201356
-0.173429832413765
-0.157748137701569
-0.093963433592909
-0.122094830018704
-0.152613292537869
-0.174600505256302
-0.190008919074945
-0.169803217538001
-0.175542678143702
-0.161358256677941
-0.190313964156373
-0.169925754160392
-0.194850195017479
-0.188203784844564
-0.147899080364983
-0.183739888246369
-0.135549976925894
0.032074841537209
-0.180524856909818
-0.175265777319439
-0.161437154161667
-0.177371134694470
-0.134449920961990
-0.140818164380539
-0.202206812771663
-0.143130637669932
-0.179841407340506
-0.181628847789812
-0.114953697457732
-0.170019732965056
-0.154062531471858
-0.185559667421428
-0.141614658863765
-0.152366682655245
-0.153435601114514
-0.180329498978495
-0.126860955064332
-0.155501084887921
-0.144836805971719
-0.176922288921700
-0.136243859764046
-0.072371049330008
-0.123862091777465
-0.173875918106985
-0.150273208501586
-0.178487087851107
-0.182213635107173
-0.163840171419029
-0.164466962614479
-0.195528321820178
-0.216807101091828
-0.190647994052965
-0.206309437274989
-0.108182555107803
-0.203732258455928
-0.153953445954297
-0.171875382516725
-0.197548593264700
-0.204978959275436
-0.157986389025551
-0.193057157985845
-0.172587816596861
-0.185602305208436
-0.189181354295025
-0.174900655223898
-0.165991181426032
-0.183240546690459
-0.156081179511068
-0.176117173550980
-0.144282361912871
-0.193410598798013
-0.211729723410056
-0.066482823884170
-0.193785953566725
-0.164848241304611
-0.142311910812219
-0.193228693433976
-0.173705320177717
-0.180520035406596
-0.161008285610015
-0.194494987576843
-0.182431059216390
-0.162725478192348
-0.168822888964133
-0.150070937842759
-0.162821040091443
-0.205312706430676
-0.194109564446537
-0.153656506373485
-0.201377379311211
-0.195507995873491
-0.153967154069631
-0.195800678951231
-0.162834921509497
-0.158413352247007
-0.181698781057229
-0.147628188563018
-0.160218402612926
-0.159910138784549
-0.164916408590321
-0.206961943788615
-0.183466168302442
-0.181449108298443
-0.148055377649557
-0.160964784193838
-0.187448752488901
-0.132784571967870
0.196897181671737
0.786387875509811
-0.078180964688005
-0.236750289759659
0.540701360777165
-0.055848317423728
0.574003441390681
0.263283829391430
-0.307769865924402
-0.030138331808720
-0.170757362737107
0.473458181741807
-0.097006834729814
0.122406125165310
0.064834702409076
-0.077382798736581
-0.095938322007173
-0.248407794143864
-0.026268176394031
0.228905878328048
-0.037194625340051
-0.214626223073407
0.133652773789416
-0.260819563916481
-0.102978304079875
-0.151927724127446
-0.311777743116367
0.181470531740449
-0.212796439769068
-0.240382781176238
-0.070181674434049
0.081486979479220
0.232832248781410
-0.171233230074715
-0.179100111213573
-0.238988163290967
0.248807879899500
0.158436560895389
-0.369108809665885
0.518401715466350
0.231942464116260
0.067829673780560
-0.329920521238986
0.379036236405359
-0.313941131461809
0.294863267783146
-0.068750021046326
0.081758891483068
0.030120245492404
0.745758786704283
0.006142828755947
0.524686689444878
0.288190486209314
0.997586312606648
0.351117025802065
0.129186427106635
0.221058826701593
0.072199399765488
-0.044642496540681
-0.035284312630438
-0.188650578171642
0.188616683041596
-0.185670931722685
-0.140173377430754
0.321488808489090
-0.073689889727982
-0.066928881629938
0.542720138862671
0.144939551721508
0.097918447748941
0.041805897593257
0.421913502818491
0.126784522505768
-0.175433882466634
0.258796275763148
0.015601262849934
0.068225454662381
-0.155350155247613
0.052030874076413
0.412533901236768
-0.190560641027780
-0.184727524398815
0.025076005584529
0.232333594114300
-0.046138638741311
-0.105552019279049
-0.068598329789374
0.001298030487234
-0.034931095809819
-0.147448988968252
0.167199071742388
0.057904987685221
0.176850993056177
0.128701016926167
-0.113184327161340
-0.087644691229780
-0.070625885940784
0.323280433623825
0.108847916829201
-0.119905606830312
0.095765508244379
0.101914397912121
-0.230389305474904
-0.096306246319555
0.054890340107518
-0.136101291726755
0.133838560890384
0.181436117128727
-0.083604710749574
0.021006209879876
-0.071480275314786
0.033420367568005
0.021941357756560
0.103973497943695
0.947347657291102
-0.038950751092864
-0.246460095165521
-0.177488809974232
-0.158526791326991
0.056876205304243
0.728775184918292
0.069882291132065
-0.225556666523625
0.098664697981465
-0.104042782977925
-0.244718527045720
-0.037805895244313
0.284500337192360
-0.108963146064445
-0.171029798095559
0.006739454896357
0.001630079779414
-0.404373597419909
0.337666031695180
-0.251832036350141
0.100912330306521
-0.219608317604532
-0.168427841818350
-0.064080559155209
-0.152819102845823
-0.150450428763277
0.525155706181035
-0.146908796568869
0.202611471498843
-0.101650967769655
-0.207580266234792
-0.057736033841189
0.069667908336045
0.071662288468864
0.266781663099909
-0.136758430866895
0.213561388305511
0.185966051444268
0.399772025822468
-0.171575825605850
-0.188166501138631
-0.022856399304543
0.369412754858786
0.216966675174352
-0.243200183124736
-0.147324905893343
0.605639311712790
0.056300137406976
-0.098213473435469
0.118672999775042
0.485600248655277
-0.139405607283585
0.019197468760179
-0.138809638846490
-0.083711728903366
-0.020492050090570
-0.193651365742819
-0.186698532629769
-0.148229760609737
0.798785862068480
-0.065868651312513
0.104117689262813
0.654239896230562
-0.181568882887653
0.092514786848349
-0.167417546389589
-0.184200588418197
0.343030953176288
-0.110617621196821
-0.014203879250958
-0.105845635792834
0.052050764824708
0.159781639245854
-0.131596359288310
0.025624231977676
0.010619866329195
0.024074068266573
-0.144277735066903
0.075798577923070
-0.211240910437568
0.810084038394979
0.058330323025244
0.188474666522674
0.102478837032885
-0.185026887997978
-0.169587360948188
-0.179176597670439
-0.135039642211073
-0.172749842837156
-0.135240877574405
-0.079817897705229
-0.151638022417678
-0.138338809056839
-0.179343167043243
-0.139486138383390
0.166237326772521
-0.160821665149133
-0.172609443086523
-0.146755520751983
-0.180007448025939
-0.172835070806293
0.096392222830059
-0.186002887461108
-0.147446344644477
-0.140708263015615
-0.126686413577648
-0.105614174216576
-0.157739588429610
-0.131187937640574
-0.169031037168667
-0.139179732077813
-0.145604316186870
-0.170627077102801
-0.170002096165372
-0.102210838041001
-0.129559144030972
-0.124449595106914
-0.133327339736246
-0.144781423489386
0.222852566180393
-0.126350604181096
-0.136830983029962
-0.138209866280495
-0.164352698558263
-0.155112653342627
-0.147068260558994
-0.132243379663186
-0.184107710082124
-0.173596582357377
-0.169622378162893
-0.153821442509497
0.037211236795724
-0.171294879835124
-0.153952182273869
-0.163241375956479
-0.175234731823557
-0.174260465822642
-0.153954429968262
-0.157302028188680
-0.148836385305617
-0.173498711760291
-0.168302602221171
-0.121314172461294
-0.132742334896848
-0.166136209549840
-0.005467204646990
-0.128731767028825
-0.160536053333940
-0.043687405791459
-0.176359798550153
0.063428884111417
-0.181222195232853
-0.150088207559429
-0.128958459366225
-0.177813807591095
-0.172705628455415
-0.145258977392726
-0.159975772411555
-0.179507095549866
-0.128684146528211
-0.144133016793263
-0.152921174958232
-0.147508642108734
-0.154042410119013
-0.171042778026211
-0.179597457618104
-0.159938395629372
-0.171649779822878
-0.168708945186865
-0.175091577435725
-0.178693153665340
-0.151446568504548
-0.141047474991321
-0.169754729699945
-0.111113210706211
-0.146638956632837
-0.142120649165666
-0.154770683281130
-0.167827600444730
-0.117682789664198
-0.083832018783387
-0.056751945136644
-0.147044009882173
-0.162851537659658
-0.241990173726119
0.075520623112113
-0.118231131438281
0.024878826532796
0.048563292759006
-0.063563281803302
-0.112537781222027
-0.201567747332365
0.020057745538582
0.122672818979673
0.169025372450891
-0.170152275744265
-0.087075521789752
0.057204362998191
0.037424388370248
0.362363124430085
0.160458408859304
-0.142751850070261
-0.163751191407401
0.202425404515032
0.219149013248065
0.282260818716216
0.542598550609707
-0.034993917574488
0.596694388866254
-0.010214149915849
-0.056479113362018
0.658880360356817
0.416941494710118
-0.049906958947560
0.493598094955629
-0.079289742705093
-0.012842125374766
0.225069282900866
0.572238463917574
-0.133929101515138
0.588213617566509
0.073873031838497
0.185968755598261
0.508076450728412
-0.075748410960261
0.244103768440412
0.597058134659574
0.047792698052879
-0.245293450160672
0.436275674717277
-0.076475690164007
0.002047224797814
0.086207439641816
0.578992949911224
-0.080957664597746
-0.323394990826018
0.070148257979538
-0.176604719717466
-0.037578584543201
-0.169571322020812
-0.271970235234744
0.175268564331602
-0.071088728794332
0.426410101528403
0.264498261065860
-0.092060593884913
0.103106877600211
-0.082642853203791
0.010760838876032
-0.137552164784637
-0.134021513337413
-0.284923822914568
0.233366645158218
0.259093572735220
0.027148562408746
0.026515819019418
-0.219975714691107
-0.047203093647900
-0.116415158312460
0.295443130470305
0.239731480948837
0.252803562607045
0.466087198896242
-0.183724312434121
-0.204886045501565
-0.155484152478184
-0.218256416583710
0.244244725218837
-0.305302605666628
-0.115719611914902
-0.250303906442290
0.038241434943420
0.094812664776916
-0.278296306498980
0.188163532936099
0.346669968236463
0.060569913263720
0.099307642133190
-0.197197904883551
-0.099677651292883
-0.048156560422552
-0.196904773626711
-0.121475199985524
-0.011058694653899
-0.246680234812772
0.178981611142112
0.696232233015855
0.154490703741736
-0.055142703777287
0.481305875698664
-0.168317726740019
-0.094949279708779
0.432248199003364
-0.339321130168237
0.258056187775345
-0.208983088116671
0.209199374759302
-0.120228289200714
0.539015710024999
0.005428330276219
0.223179081807599
-0.196380178217384
-0.256842980858066
0.160915256993443
0.136508181594375
-0.099967265226168
-0.151397829398942
0.321932983558438
-0.131774523215338
0.063742480790037
0.205051830610740
-0.201750293904205
0.272168710334108
-0.081709673394613
0.000959208839085
0.227415022581101
0.354810142815307
0.209060155902470
0.262919972340021
-0.231169467523831
-0.028516585022292
0.192538016144809
0.653701455763297
-0.321327448134319
0.202970292681346
0.466600407483310
0.004041449141286
-0.310498410511356
0.170480103759204
-0.309573729988100
0.016982507050280
-0.243063579402894
-0.269778782979419
0.290503798121121
0.233630506917858
-0.226532867653028
0.025100235390062
0.671703703840105
0.323211092900168
0.288720547621749
-0.220270876463956
0.031236925487558
-0.111653443088120
-0.032876744519892
0.101545064730947
-0.278332239340731
0.035247568233876
0.115534752181796
-0.286123057336416
-0.299094087870299
-0.175114880661364
-0.212483714443029
0.576162411211400
0.636920735027853
-0.014602282844405
-0.041547790562207
-0.052256772901690
0.141620227522913
-0.135740520128826
-0.094722244922492
0.361160129985120
0.284664345045892
0.262430560456818
-0.057408473384414
-0.213507916822976
-0.082270162070765
-0.097775170645406
-0.240909433640721
-0.163202071420623
-0.043126781022647
-0.179850409909601
-0.132419933601050
0.323773823672472
-0.047860722973856
0.179243311857913
0.600685006061691
0.072910638837440
0.538905165040625
-0.029015734047019
-0.186778983214683
-0.168402191326758
-0.265527381953744
0.409104110963826
0.084988742341229
-0.097595453800512
-0.070402221280089
-0.141027261019159
-0.106470415231382
-0.134622588290245
-0.054651569461489
0.166223725636625
-0.063939730615425
-0.055439553585421
-0.127954133024587
-0.094768286901725
0.520836847569246
-0.051109649906987
-0.087471576013301
-0.093040431075438
-0.040565299320305
-0.160698057751315
0.321884569019906
-0.130997716003135
-0.066073097826142
-0.193253775848433
0.332256581648452
0.000148792272977
-0.136718501527992
-0.065481710645525
-0.126817855665632
-0.117153381598201
-0.109266359025442
-0.110656819416814
-0.128620609383415
-0.022034828456480
0.069879616809819
-0.062703954104611
-0.147320261943429
-0.045802140081679
0.174743487018571
0.032061697409037
-0.145614159031304
-0.143181984121443
-0.128484172617384
-0.065730724185711
-0.126085993497282
0.056520268039225
-0.136103434894106
0.323423811660084
-0.126104656405913
-0.063297174820242
-0.078768467747590
-0.098238528580144
-0.162688471841125
-0.052131714720087
-0.098379263629531
-0.116539416822136
0.208573177402441
-0.030893272574215
-0.096457309251319
-0.101212452118697
-0.133194146490798
0.045175194278181
0.112125039091116
-0.156598528173933
0.494598440226388
-0.025141017264829
0.450823175328758
0.095011942891143
-0.121623679191819
0.724203813195768
-0.107448853253720
-0.150046421243449
-0.110232819477079
-0.132989244156892
-0.066371478741920
-0.056638169398735
-0.099221032664766
-0.130564053344957
0.003008924970220
-0.126760138175529
0.004253482079989
-0.052560658756162
-0.086489695901916
-0.111102945892881
-0.127758807027758
-0.109906697297041
-0.147083494704652
-0.084565584354493
-0.038095382095077
-0.129345399796445
0.425481485780843
0.008007720623418
-0.101748090609433
0.005398287979976
-0.142666584571536
-0.007496128268603
-0.133933576454895
0.396160082307659
0.225176318556406
0.586509329599245
0.654516538532450
0.080275854059162
-0.122452752181971
-0.148163131480146
-0.163216685307779
-0.295680133903839
0.060443491884079
-0.097120386657357
0.050857832691009
-0.093553869326365
0.321888411682257
-0.064652249857659
-0.194848218117791
-0.116822295742070
-0.102936642731240
-0.249723614914816
-0.274973869492680
-0.006856037001297
-0.248951601746975
-0.263189773887664
0.021023119248304
-0.186250353463479
-0.051055805610369
0.035492326565057
0.584936949054475
0.130087891887496
-0.140281232998362
0.314526032250729
-0.105504384640414
0.002549214722335
-0.127540010306697
-0.309367434075749
-0.178116973781684
0.452203193402274
-0.064372999049313
0.096411313381613
0.443649572346654
0.103164694390013
-0.275753165153836
0.054329551952627
0.363412939060877
-0.029502599097624
-0.118298396651257
0.268377006033246
0.078050035322637
0.480669700050911
-0.176144340554919
0.164508211939188
0.038135305072122
-0.036505856870872
-0.379995596865567
0.324558879292445
-0.260211446979655
-0.118892789047899
0.006180519528647
0.011859016729727
0.151905258807414
0.054210920588967
0.022152196333731
-0.054633953742662
-0.061839343497805
0.458623225897136
0.335729651764813
-0.113282260622797
0.525204220940927
0.419665833007949
0.150504505580974
0.746062427708498
0.086823113232141
-0.126609591872555
-0.103858687115760
-0.196106020120120
0.057194840594358
-0.169743537252367
-0.145433473241848
0.202457744936658
-0.167322597865126
-0.178424229454120
0.474608364481561
-0.016245588310349
0.057731653177426
-0.127864822438370
0.039131092674054
0.030260895236611
-0.178088063091597
-0.131708200424672
0.007855279110574
-0.005699942113532
-0.162224308073686
-0.118689849451335
0.406343061117291
-0.043540237642047
-0.140188702953455
0.340228561937355
-0.191501198121315
0.340259546894061
-0.245864911037572
0.999336441275092
-0.012523613214773
-0.137888656116545
0.517842718904327
0.204227209854196
-0.054358351464387
-0.162928464342277
-0.147902863331352
-0.171341534983529
-0.125360216732757
-0.163329056883236
-0.128344890188901
-0.037762450643938
-0.145708680549081
-0.128553297097803
-0.162421159648074
-0.119316720201736
0.302148065856061
-0.124917976543192
-0.140291110100005
-0.137262685366539
-0.197465876052315
-0.149416867398436
0.158083031346215
-0.173815018964165
-0.121675467579222
-0.164410854388778
-0.115301167814737
-0.096950153974352
-0.145339668395972
-0.133279641129298
-0.158373698171132
-0.109356298118769
-0.133824918980802
-0.154812075866207
-0.157930099153400
-0.097641268122856
-0.092204263197874
-0.115807698036257
-0.139302112158776
-0.140852713083597
0.231382225950111
-0.108576526453127
-0.138133126194286
-0.128669576670076
-0.154896630416153
-0.146691704453836
-0.137594629071532
-0.142245687719776
-0.169691159193245
-0.134934164623064
-0.163593248715467
-0.132710931716944
0.050099554404454
-0.172177752445265
-0.145191168668223
-0.148470909427912
-0.160111248635221
-0.172217382911660
-0.123059491890238
-0.155005481809433
-0.132841391839390
-0.149333370953881
-0.161946113788298
-0.125186079093142
-0.136058657301373
-0.157129683052894
0.092337079156304
-0.140231741100719
-0.092181499329107
-0.068688014194348
-0.173486110064645
0.196416450308212
-0.163913726754769
-0.142470272651469
-0.123321498078959
-0.166089063097740
-0.150432290890737
-0.124093250823207
-0.116628490972907
-0.167391680593157
-0.146712578266884
-0.138361145110085
-0.126616597025621
-0.140862186296112
-0.130470245320855
-0.165423788104928
-0.166320852533239
-0.130527472301290
-0.174170050639025
-0.152993219770521
-0.139592039089961
-0.167897661035739
-0.101432886802357
-0.118108580084826
-0.150323587179246
-0.106641747041097
-0.136445865802573
-0.137820583364291
-0.141629979694231
-0.130809227258366
-0.055932606802029
-0.015486229705410
0.068626854474991
-0.136396574997461
-0.157303653034726
-0.119900992978619
-0.039498459208543
0.775442878994578
0.213560276667199
-0.128445126457782
0.105838954280485
-0.067746162640508
-0.213286685437061
0.181256915056494
-0.206515318129375
0.263240389084312
-0.286756993192025
0.021887510054526
0.250259454289993
-0.044935928054039
0.431470143581662
0.317630307557697
-0.221522352989000
-0.141120055815929
0.061467562818120
0.685229898415264
0.061131041259871
-0.074334563877247
-0.091209007313507
-0.185176838934063
-0.119141850704393
0.072928475838727
-0.154960085563377
0.233018257111806
-0.148711050930763
-0.097783633984770
0.134121147515820
0.126334623045035
0.250331242566784
0.495714537282413
-0.311506300918153
0.534253100967511
-0.031060082009152
0.091084280606556
-0.220050975907352
-0.115891630725604
0.198941579443779
-0.036005377571980
-0.212980119486430
0.360577539502042
-0.226202810762706
0.214965167425865
-0.060701990386339
-0.203470563108446
0.232039233778040
0.201962725025679
-0.115516034831899
-0.057788459127449
0.509734182755420
0.112871570231642
-0.012343169621003
-0.161979845875491
-0.101451498388217
0.015997585763848
0.445193512808592
-0.085936464365118
-0.325078926003950
-0.165693005945169
0.486216811544262
0.022692402320298
-0.109893572574047
-0.162236461274479
-0.116969386567267
0.131021793965813
0.434156191707274
-0.063303088280051
-0.086871578037509
-0.168073675022200
0.065343265964784
-0.139103386772835
-0.146389403038628
0.017920661496841
0.084255804521020
0.077880700645471
-0.099799318670555
-0.071699383913563
-0.125873214681526
-0.136854189151304
-0.125778360022746
-0.091409188861633
-0.001844267856825
-0.123508496205611
0.068640095075865
-0.027620553778824
-0.063115497185308
0.374708844827174
0.020366868435899
-0.125638987002394
0.054537665907875
-0.058214261358511
0.021770949348034
-0.032430042600682
-0.263441920279581
0.407778665076925
-0.008239555662691
-0.087381172669175
-0.032177150254328
-0.327149696227274
-0.116764947643971
-0.125643989324722
-0.129271688258101
-0.206629676388798
0.421557856530683
-0.124132688024318
-0.103910684998403
-0.099007712411586
0.515503546518540
0.165115966315994
0.143242609628251
-0.005314406519071
-0.061278653124705
-0.167515484134186
-0.271799392949874
-0.148429686330944
-0.081251001222450
-0.198645646090384
0.199027345269447
-0.089671122926731
-0.152834446434156
-0.070709824226889
-0.112854246848165
-0.081634665539784
-0.090485580657613
-0.138692816612057
-0.136983672483437
-0.057679289028389
0.083614120817992
-0.072420292468793
-0.078366698673316
0.414671900429962
0.038412582737465
0.020846958241972
0.017406975127526
-0.092175248243760
-0.111628989987325
-0.024839545766404
-0.015604578565459
0.033415814643344
-0.116980524125353
0.215353743353549
-0.120383481593520
0.103317981380389
0.271277710243892
-0.042437744453189
-0.158542049451942
0.416102938661606
-0.110534369840015
0.014209358429149
0.053529288406079
0.239679853965148
-0.104218646090398
-0.098787608649841
-0.141352829483594
0.514539697406860
0.065331355209036
-0.147638976419515
0.710388570875024
0.454999850828758
0.126704938589730
0.188446119473026
-0.007928711799162
0.322232402245896
-0.106028634963463
-0.166683356536972
-0.070038998702953
-0.128916492288997
-0.071532464656546
0.071136918596917
-0.024865719519727
-0.144381216772629
0.302489655463787
-0.058492787995293
0.133911976993859
0.308647790563602
-0.089832370617942
-0.048164398556519
-0.136430054732027
-0.129364075205059
-0.049691757125084
-0.063805124926545
-0.051189895107312
-0.149122161706751
-0.100782471415819
0.101370012673410
-0.123291103195144
0.036427931043987
-0.102273804346789
-0.090772882193840
-0.166196280905127
0.316082482527210
-0.135738186548195
0.355859945403349
0.817768593752525
-0.046499909008438
-0.092239503069761
-0.205623667970224
-0.185232792791585
-0.178506363848734
-0.187071112948696
-0.204263965080434
-0.166186947589400
-0.245432364997950
-0.171621786023113
-0.162129001262542
-0.207463213614244
-0.165228515942352
-0.121682368928246
-0.177865581852877
-0.242612969708420
-0.171097224648715
-0.220021826937998
-0.163361016484646
-0.181040505833938
-0.218329217503016
-0.163922038033879
-0.196484080356262
-0.217611211759581
-0.159969537013321
-0.179176751999960
-0.179444162249710
-0.198697276714339
-0.140857824772749
-0.185865238507455
-0.180207376068522
-0.198716691010173
-0.160675593878348
-0.165239824863471
-0.166200748969764
-0.178676668386726
-0.184897087578678
-0.148560020109071
-0.196234952965535
-0.172488141687423
-0.155691726769039
-0.203917206580231
-0.182474824496182
-0.177886171336471
-0.188054186448474
-0.214865039736501
-0.223993019168154
-0.210670866585472
-0.225495286089991
-0.238223203130557
-0.210644507715154
-0.180459949284207
-0.174230607985545
-0.201637703956120
-0.209205042867198
-0.163563851154194
-0.196628853372238
-0.168052104889751
-0.187225256363822
-0.198315789754571
-0.191301863494014
-0.226017840370857
-0.194484127548771
-0.236913524592220
-0.191594948273052
-0.183043252273272
-0.241437833646084
-0.210851551210898
-0.154429090244130
-0.205707352403318
-0.172877007227729
-0.158917693743213
-0.206032824642882
-0.191939195520270
-0.158375436163701
-0.167441135946106
-0.210040244101706
-0.203720609814553
-0.177541905896267
-0.181347923989981
-0.176397693699367
-0.167359191223330
-0.202439375305119
-0.209411799039084
-0.163972688031392
-0.210345759152051
-0.191927509406177
-0.175976196488818
-0.210301179735505
-0.211399948375929
-0.169306230777297
-0.190052732565061
-0.168438325963199
-0.166396270175932
-0.177279864323802
-0.176118720762941
-0.202784514286934
-0.233787700792645
-0.271241827176405
-0.250849763846225
-0.167916855153034
-0.193594259205565
-0.167309582287454
-0.153391463774476
-0.198848020979013
-0.102178023210450
-0.160151629330520
-0.144035895911918
-0.060862418339287
-0.146730730170242
-0.135622995677710
-0.155990149869333
-0.113657706706888
0.378800266226707
-0.130002011684293
-0.071898792006254
-0.141162790121258
-0.176477369325252
-0.155052306046657
0.087215513159457
-0.170602364484397
-0.126619712387029
-0.143891974373763
-0.109623441593675
-0.077128231568223
-0.148740936718212
-0.122529626734828
-0.157962199701451
-0.120801131093954
-0.118725971009437
-0.156625563762541
-0.155113661549292
-0.080670978885551
-0.098483147592620
-0.107464711831757
-0.127372194505137
-0.083561103868651
0.303597042144574
-0.048566072887574
-0.134997655569266
-0.135995304257045
-0.143921771345658
-0.156297287697699
-0.125370422065034
-0.138085127476350
-0.165560426869717
-0.166925755299816
-0.155079647976424
-0.088331800793635
0.210387479093416
-0.171959567519152
-0.139589829474385
-0.135126915211276
-0.166643867009726
-0.172708433846039
-0.160556121303732
-0.156029356479338
-0.144889321324900
-0.163305698443011
-0.162679004138235
-0.081647746595281
-0.089251581697435
-0.156577373083491
0.175485660184822
-0.114366365019747
-0.107787079057266
0.023816812958487
-0.175584370902529
0.136617701613733
-0.168487408870715
-0.147394591902595
-0.117529477738542
-0.166533374939239
-0.154745653634533
-0.143892407702484
-0.125895219927915
-0.165287596181075
-0.123888977589785
-0.134842260767944
-0.130322226297441
-0.120383150756511
-0.142313076451174
-0.172128363489395
-0.165338062219278
-0.143759446161039
-0.170522838717471
-0.163321563462520
-0.150443295794338
-0.166740100583766
-0.129582213243998
-0.117757217693443
-0.157527441806810
-0.093566937357534
-0.142681963500590
-0.142519798473843
-0.145922688726291
-0.173345157629941
-0.051955367341272
-0.011610259192587
0.130517289734274
-0.156856064547717
-0.160560086881710
-0.141530662204638
-0.234470921937338
0.200089691825414
0.731506968978868
0.033064106135270
0.472074618711626
-0.040174627425730
0.046463207134035
0.284736307467677
-0.276733831612370
-0.194591730472051
-0.267307913812826
-0.209724269288490
-0.332977965380181
0.151086020733287
-0.264392574386571
-0.086215510594043
0.055776319178935
-0.211483680144430
0.282501509055505
0.191358760908691
-0.043677244086101
0.249563167741665
0.087737854473991
0.234915948453458
-0.131602859813410
0.772121539678943
-0.122804970811137
-0.133188820668947
0.037052979039902
0.483510352045180
0.475644132267073
0.044183356640996
0.677261207656995
0.001034418999040
-0.173512506943183
-0.023289595935553
0.030437139580033
0.269966705986326
-0.088431380807714
0.345430745078936
0.235525102803648
-0.029455299407950
-0.209161777096364
0.366041136623399
-0.002108660971026
-0.036860344040417
-0.335844693134445
-0.035844513533941
-0.177494840731822
-0.294525926247918
0.042068300379908
-0.237459685628815
0.246041120295934
-0.207183951833130
0.410775463439092
0.093578857401518
0.072110290602699
0.183643288991669
-0.002382764084260
0.059940688065458
0.054715358366880
-0.198590119881667
0.666691552891967
0.235704400206390
-0.271145866260829
-0.338135117998425
-0.075400090258333
-0.105592390547236
0.484229638932925
-0.203109103100642
-0.051384181090400
0.305601345616973
-0.003149027022640
-0.155371003593995
-0.252524527702921
-0.104103053297387
0.127059633104734
-0.181934108518798
0.467682016612575
-0.243730293365354
-0.201757795091104
0.516987350979401
-0.262945717130729
-0.081833299922322
-0.100796200090060
-0.103287612757534
0.423145098784287
0.178394854990295
-0.007965045361811
0.382814768132160
-0.142560512233354
0.643076409966377
0.042871041500320
0.575870493103187
0.426973456719081
-0.344979739926942
-0.044555777051254
0.607193374608360
-0.133613652092411
-0.047714412444737
0.083591292710387
0.168878144272714
-0.008514036351631
-0.091941297506269
0.027698047749312
-0.345966872723418
0.261058265314644
-0.193258017511330
-0.006848588171713
0.260758634301577
0.030151217916395
0.655963736486490
0.761273530695014
-0.057343022527515
0.350045247274171
0.116280071725751
-0.461178292268542
-0.126529037363641
-0.097631599703475
0.429034585828036
-0.033662847441226
-0.123436616793730
-0.083055166234286
-0.164055990657192
-0.114752249914315
0.056800117063183
0.000695877319334
-0.039829894442549
-0.136817322758315
-0.140106213284405
0.461946645547658
-0.094213934227574
-0.097903511542328
0.631425134222704
-0.095324848297179
0.240273184425705
-0.051368689408385
0.003518313723444
-0.058397921900282
-0.237017090646540
0.048677451659732
-0.284188932898738
-0.065940590560692
0.215215738727282
-0.148940699578347
0.337958936673376
0.562951778867429
-0.242960690037050
0.048517520912835
0.812489193157119
-0.160744710729179
-0.071776003136449
-0.040313264743822
0.238226915482144
-0.077167426150183
-0.155932941359581
-0.160290849129653
0.483993549003834
-0.034189279485838
-0.122480530995731
-0.066391703867282
0.202007608867873
0.181127544676384
0.119424249825487
-0.095285318288463
0.047860919320079
-0.113176299521052
-0.061028251705098
0.026718330962437
-0.082166148865008
-0.068837673363263
0.037399630599965
0.246599611268770
-0.117720823388129
-0.044393070518782
-0.045527769852072
0.240005174843887
0.574256926548678
-0.185583985503307
-0.072278139319445
-0.082576430777200
-0.154689213451264
-0.127913551930750
-0.068863952827939
0.025480039258621
-0.143868504991676
-0.354404109926919
0.297662855809528
-0.027866688886883
0.272128266024322
0.127864924419178
-0.257279171626930
-0.078996546874665
-0.238061768532701
-0.186539938831966
0.211657766707627
-0.029305117592673
-0.001424557449753
-0.050188407867485
-0.158125880955529
-0.144929796229225
-0.197088368012326
-0.095952493171846
-0.156517373420350
-0.131421123898769
-0.000690320927637
-0.142372935184417
-0.129418592618160
-0.153026681330456
-0.112961320922740
0.431872230210644
-0.117340698449490
-0.099557197915495
-0.136659400727589
-0.202385382540160
-0.160516018744493
0.205121276869443
-0.165419418434211
-0.115252129151066
-0.156483206160185
-0.076275531233396
-0.074415776630017
-0.143556222252561
-0.120171847243885
-0.152179150729412
-0.101147523888902
-0.118312877304444
-0.157367419000463
-0.151964996635476
-0.074117774080771
-0.080537361778534
-0.100409094465404
-0.114444014451495
-0.113724037176356
0.339925445474896
-0.059762518225336
-0.129926305791419
-0.131355467322672
-0.142584360907141
-0.142500401770697
-0.122357413822635
-0.129034912045885
-0.161181807380916
-0.122625453261034
-0.152191569204088
-0.070024418079296
0.160383474263827
-0.164606193397263
-0.140304326059728
-0.146450325852522
-0.155080785314742
-0.167547202318878
-0.126557581857768
-0.152509784274420
-0.130220709291051
-0.146932265439331
-0.157696456896533
-0.094362527429583
-0.086510475837079
-0.152535363243913
0.253103155105885
-0.121898563218033
-0.062676621479462
0.044312028328426
-0.167387914499525
0.207494243163246
-0.160109534605878
-0.143442240700079
-0.117362089330508
-0.160598421481476
-0.145550609985196
-0.120570611226481
-0.106005142893379
-0.160052375865538
-0.123970172563040
-0.131899433441161
-0.114564642436471
-0.134601390994975
-0.126641827212905
-0.162323295178570
-0.159654692848579
-0.129910356777412
-0.167696003356230
-0.148596971078615
-0.139673524815124
-0.161886369962750
-0.074689855176105
-0.104973594434262
-0.148029290205536
-0.085584723234682
-0.137681897742043
-0.134056245345585
-0.140916967277789
-0.113403850465716
0.007951060837721
0.017438734261978
0.212307056326282
-0.143860604212136
-0.153824264957029
-0.558647540806119
-0.217551979883251
0.109511639456499
-0.041960581231125
0.364148828392131
0.475992477213108
-0.041833754591556
0.165571214207318
0.102440657261450
-0.422579990967427
0.198666338735692
-0.077940606743884
-0.023641635085073
-0.061095271429192
-0.000440609465074
-0.091607829682420
-0.049760910619247
-0.010343762174923
-0.015155239429315
0.127178707197027
0.142334026088417
0.072107231186644
-0.012043819232908
0.434125920024750
0.499303534486948
0.057177436044661
0.034685578332937
-0.027047849210034
0.102900982060917
-0.185253745288961
0.511423792286807
-0.017318970857763
0.193277932924076
0.184561452867262
-0.195395619397950
-0.035746071203404
-0.134878192746720
0.649118164372981
0.387181361270669
-0.015536264777718
0.170201067291232
0.075682673183850
0.082710546548811
-0.361574617591318
-0.314756377817766
0.322455308560238
-0.129919805905939
-0.020182808255203
0.635731201980741
0.224963764962199
-0.198474054838974
0.028073087837407
0.098865788181369
-0.161479710693643
-0.050188294516669
0.443061546916450
-0.395791875429701
0.505677313629577
0.239618591371900
-0.206674337599932
0.493270947053249
-0.031491045531228
0.352147842540546
-0.238041588892473
0.067561987592790
0.578392478736368
-0.102956125187956
-0.472028729361279
0.671769572873256
0.037122746356896
0.001253822771140
-0.332882138344349
0.153906576047340
-0.025231513560862
0.080469150006022
0.311905679223741
0.028223361603344
0.258814647273302
0.064277525666064
-0.165701773892357
0.595917261158975
-0.127173744362322
-0.128764576322345
0.541891203313757
0.048045419660863
-0.260962546323731
0.033366879204190
-0.159521052472981
0.155480539176430
-0.197323203604534
0.225870019894876
0.590106820985716
0.216603319452459
0.580817423452790
-0.000699329648220
-0.076857327291047
-0.147174939782853
-0.131801716511439
-0.063466609672347
0.650628223248110
-0.103236555780485
0.047224301466019
-0.181755292123847
-0.167529774427015
-0.108746000500073
0.033055853102492
-0.278752054423675
0.717280493233267
-0.119015492116831
-0.085627585721397
0.005053275916237
0.023868191584350
0.370515609938040
0.185988780089691
0.056106917212646
0.209907925774887
-0.127860659467681
-0.376934437760509
-0.172245334281251
-0.104012736314031
0.085727164869867
0.240449783653868
-0.127526759597539
-0.143643442006856
-0.039323791810845
-0.086793947289769
-0.134831637128665
-0.070488618650318
-0.072173258876329
-0.149110157113522
-0.066897426081737
0.087809848169484
-0.017403749603843
0.022543821729808
0.391077258671941
-0.196141172668092
-0.089381865585049
0.200308441052802
-0.069987852871590
-0.093608335531017
-0.002692179960354
0.033085843319258
0.106716088346063
-0.113093600656849
0.129547451846455
-0.122542940114660
0.165344662969421
0.253511202218633
0.023767204208693
-0.060677977687814
0.684263707641558
-0.123101159224116
0.195002460371068
-0.018552222929866
0.518615499502326
-0.094441463569396
-0.121597107865110
-0.109419800325799
0.785120175735211
-0.032012220309051
-0.138358303783247
0.211866869881134
0.814898626276915
-0.139518207320732
0.240737675558280
0.186296992573211
0.057218161225134
-0.125976006932753
-0.091491857234819
-0.097671773845890
-0.086442239789235
-0.055895208908621
0.171525190511860
-0.004944195219343
-0.157319140061904
0.584316394057382
0.031904722473050
0.205469041471451
0.524796487688496
-0.133925092500712
0.132787551421914
-0.137778554932909
-0.178421175685125
0.137008244512558
-0.024157182296763
-0.057700159805368
-0.151575794577792
-0.267187085184311
0.186052197633970
-0.133363603523037
0.141292783327642
0.030924507069316
-0.133649050747667
-0.181944567500475
0.157381860812303
-0.263180438040349
0.213653979167712
0.314783970810701
-0.042063769683962
0.036194132596864
-0.015088482118749
0.091829099302544
-0.296361920741295
0.027484993241262
-0.134020953905909
-0.126222553724556
-0.279380979960368
0.605471128682484
-0.248869969862814
-0.057758035305539
-0.002042047617582
0.208262410838583
0.715592747671656
0.443482795443318
-0.077823482640900
-0.165515953278266
-0.109235974263430
-0.385864764112809
-0.169461742174007
0.047665391897107
-0.051534339082244
-0.198311935960924
-0.130103651150401
-0.075940634154036
-0.132890118067266
-0.129060792385330
0.318444880451030
-0.080846347375372
-0.121093845222363
-0.166064152572263
-0.067138285603463
0.278829018290381
-0.099487422215734
0.229122031032872
0.440125246560508
0.089783159667759
0.043825236353507
0.198540647955352
0.019848704401108
-0.111534794642612
0.036230803577189
0.148156511563452
-0.185862422341384
-0.095930761713755
0.108475332020998
-0.124045938027173
0.762741316963533
0.601923587935682
-0.133033148067641
-0.126319315716889
0.779482634318479
-0.116969378026631
0.000010770341387
-0.140105349433971
0.245696745142034
-0.029138523664259
0.094941738259799
-0.144431120553529
0.412968634637910
0.016368136859506
-0.110625642088555
0.659773931940560
0.227379450504390
0.052717842396379
0.247067446116546
-0.017931044367526
-0.204840974797028
-0.081251047113600
-0.040190265109290
0.015412257199506
-0.111589149022364
-0.036365979434671
0.370635075717739
0.601596981546577
-0.149762558437516
0.046593983467093
-0.045892398244060
0.341155189724952
0.231249824390880
0.036170903621335
-0.039940890536403
-0.113657077723931
0.005086276416113
-0.134695948698651
0.002291081452621
0.061128829341296
-0.196204771829157
-0.276476667959091
0.152939067039202
-0.055206308533274
0.000811899739450
0.023314428876637
-0.189967286072068
-0.120517459219292
0.049684721783892
-0.115613205028350
-0.157021317599031
0.478190356779768
-0.144903736695711
-0.123196291070449
-0.086987278127202
0.044920684393757
0.492904963564711
0.158841069151368
-0.166841923025139
-0.013851319600024
0.483120269817211
-0.198371724384361
0.084085198456906
-0.048033464501081
0.577492004177972
-0.362509988686144
-0.004739204489576
0.332926863805048
-0.239602963778598
0.502070634253663
0.732418019152503
0.159909183132104
-0.153834980782744
0.204748785817330
0.336796426003619
0.078783388929786
0.300520114407480
-0.117499362649978
-0.154357886095440
-0.151453808126088
0.049822895575857
0.050557375528356
0.500997475549535
-0.137781325154012
0.042852758557958
0.048318411724071
0.165535213431749
-0.022352888995722
-0.057874553824136
-0.330560725756006
0.638881528543514
-0.123542394430849
-0.171317929909214
-0.134979245736093
-0.179421963018725
-0.002403765204184
-0.098740765676008
-0.178766346899602
0.051573391621670
-0.186330613695287
0.067565657583003
-0.073475836950436
-0.185936325539673
0.376065511169754
-0.100602532144993
-0.099567856002551
-0.121078298576724
0.250354561584805
-0.099061552332608
-0.079852260238871
-0.108359316697221
-0.152113984779561
-0.175500385224660
0.371251345300043
-0.167452833321147
-0.381384506729305
-0.194915275587914
0.420741194459949
-0.090514136659065
-0.092861898791826
-0.105966646382843
-0.131526404009063
-0.004368217452901
-0.075881941870522
-0.107416296315905
0.030990367726695
-0.137330366334595
0.184978847265544
-0.149827951759232
-0.186775167473390
-0.132399387437093
0.032206501865389
-0.107484687497117
-0.051585628119255
-0.071590100855764
-0.142053131655932
0.064066455562308
-0.126358803036364
-0.082140612956336
0.335136636014267
-0.133550487222514
0.419174421468990
-0.037501258413869
-0.043902544265593
0.179254740412810
-0.089873559491018
-0.133355030213943
-0.015367849941774
-0.142015391547834
0.483026212603175
0.060562739491466
-0.331761218859801
0.107743516702086
-0.061543755246970
0.677186976791866
0.503429795190562
0.016625059471303
-0.015427579219805
-0.116083616738381
-0.044150709688854
-0.072255416333701
0.003793300873141
0.253612151107823
0.269755216170601
0.505263897797470
-0.130294466360382
0.410299991539607
0.170454347402371
0.427037964205607
0.006093480957856
0.436532323963582
-0.074505200244349
-0.056916050140398
-0.027689833141322
-0.150402585887789
-0.007333883040525
0.021898767706666
-0.058693012732464
-0.190667377665329
0.184277136906341
0.360661486035002
0.032094743444407
0.065232588572343
0.114159542341889
-0.092894140502414
0.403093755867616
0.430011971437305
-0.315670340534464
-0.031122850037586
-0.140649581195252
-0.035189760087588
-0.112385040493658
0.086862265462929
-0.190860724716679
-0.149280457310757
-0.022541266800135
-0.125680772582433
0.177583744007574
-0.027392511315166
-0.418725453995199
0.000150663954070
-0.044011450250461
-0.407871863852766
0.131893534779590
0.279617211097420
0.250700548136023
-0.182143772473513
0.377742121581047
-0.001047883792203
0.157647413131290
0.585572636146674
-0.377738163778647
-0.084886798199039
-0.180312470037777
-0.331975810691520
-0.068804645188903
0.061095261190365
0.194139881863880
-0.175767559482113
-0.319351331520743
-0.061577220266417
0.591803981244523
-0.093302458537548
-0.028564035383573
-0.090650234207082
0.229709294869958
0.214552871659816
0.373333983752721
-0.058447344315376
-0.101789271623357
0.407919121464654
-0.060182314118625
0.306801885337004
0.533530117809957
-0.236446987991766
0.226311108433924
0.506094387614930
-0.331627017228514
0.229005410355774
0.653506920480279
0.055809797030327
-0.112955604500274
0.440126883351614
0.703662274637332
0.081673491782180
0.178514847148391
-0.006898539771820
0.084042662714227
-0.005945485456725
-0.010522704349390
-0.014085841992691
-0.066546451727635
0.035630696417316
0.003999101916793
-0.120317270191349
-0.069097420619729
0.222773777826848
0.289731484199418
-0.142608883808042
0.046435978630152
0.575207084784305
-0.166985648668696
-0.124903300274345
-0.119550748632493
0.044303167831243
0.133375813920392
0.051459048479875
0.309414782852124
-0.185166189145913
0.136468352087614
0.050102504082604
0.517217303759563
-0.135752436255086
0.028639314968272
0.321538972821579
-0.036943433848783
-0.057483444174834
-0.128206755058101
-0.147399933818485
-0.144955716846743
0.057155635933385
-0.111086852482975
-0.012189354109746
-0.148770904236204
-0.069494803571662
0.066752374628454
-0.022488411977974
0.170121375832471
-0.122730637662057
0.424013634046843
0.123263969535863
-0.077598943092651
-0.161891342112434
-0.140684128973291
-0.086078781648371
0.075544572484622
-0.099003487031821
-0.152758124013506
0.187898996432131
-0.136304186433996
0.435552107158097
0.406146592677687
-0.131688306356798
-0.020306341318397
-0.122004702426415
-0.119024090099629
-0.108311613122027
-0.038527202631737
0.008899586313188
-0.071390397876529
-0.088797370948563
-0.112335907120682
-0.090938895987929
0.268797923178829
-0.128334738163626
0.046423396566429
-0.125004281340192
0.053546500748588
0.342758790919572
-0.112151655172809
0.007627599966247
-0.140329781659237
-0.071337321544783
-0.054408409861977
-0.130036303734706
-0.070377444502667
-0.084684056571889
0.191197226926227
-0.135661765868033
-0.049001974037457
-0.130380623191603
0.034004456951662
-0.208214248092967
-0.079351294936002
-0.102141022369652
-0.139403305535303
-0.026573808331259
-0.123118077572711
-0.109812851470767
0.004065485640563
-0.136704994359750
0.114588889628875
-0.079471538830249
-0.101868575031055
0.020271699764431
-0.129300795757238
-0.132335328518735
-0.101858353882465
-0.101409010159976
0.447438888314476
0.032784220448509
0.049449506331616
0.011283879946578
-0.122881088330959
-0.123636119057560
-0.111549838011072
-0.186874414597132
-0.106045051326214
-0.132428714909248
-0.093539401730612
0.138740778805813
-0.101090954540728
-0.108649753776975
-0.129110428642725
-0.083627798073063
0.626615313323357
-0.040527001596978
-0.033716750447628
-0.114133609848597
-0.189035067133057
-0.156783898722742
0.376778567715527
-0.136743554329668
-0.088090397289699
-0.186985004538730
-0.017273222116831
-0.049032811520102
-0.121367784998092
-0.106851407629033
-0.128425023849818
-0.105074236801099
-0.100179971385254
-0.142584727691936
-0.128120962424191
-0.054092563065271
-0.000801504230186
-0.079569716326422
-0.143139379510996
-0.113153547569091
0.483086402209545
-0.062199584559588
-0.115236282912684
-0.116040146393415
-0.119797368071892
-0.110084677902620
-0.118882833361786
-0.117011826892108
-0.135414907396428
-0.031863603828894
-0.129725167089485
-0.083987171339415
0.270740563196913
-0.137942700345550
-0.134865214213724
-0.101470760975427
-0.122174472129628
-0.136016207261498
-0.087256429922481
-0.095721845809847
-0.098636258192651
-0.112418807903531
-0.133745479783592
-0.039491192328951
-0.090862520204507
-0.132200717246851
0.395832730536355
-0.075574781053427
0.007448837600559
0.011688255258439
-0.136499333116061
0.587531038596565
-0.128017589555877
-0.125611729754806
-0.114355379677223
-0.134836267880853
-0.111930757650516
-0.076429180860519
-0.066093299027628
-0.133409397031259
-0.087967804422647
-0.116354395090791
-0.067297235640983
-0.099132268247386
-0.097589092164487
-0.129093860770183
-0.132063484174182
-0.105242200832225
-0.146713921559817
-0.109391930774473
-0.100895204757892
-0.135161483196068
0.014613456890747
-0.052491098309092
-0.113329309855830
-0.066501484596932
-0.119174573330954
-0.110294652172518
-0.120307255278481
-0.037055619542424
0.103780614271316
0.327768177761014
0.375616170064180
-0.120651126018916
-0.131188931671403
-0.202720978472344
-0.187112765641653
-0.168504896110320
-0.130861827016470
-0.182726717020993
-0.141490988909093
-0.088715817074295
-0.152017711134127
-0.157940335166079
-0.196064190983955
-0.150099224517989
0.068281849836505
-0.164820647370501
-0.135098793402914
-0.164974316794996
-0.153892865803207
-0.184407359702671
0.032933407703957
-0.194768275284025
-0.164448986921216
-0.100510814071387
-0.135990637419387
-0.124934937304714
-0.169279233065255
-0.143935695806086
-0.180014126244590
-0.153277779273099
-0.162751897383585
-0.183953532997865
-0.182522756243396
-0.119662753992638
-0.140225949437150
-0.141100880682068
-0.131257338431753
-0.147546987713514
0.163689247486631
-0.125467859563905
-0.140098520776510
-0.153016844631527
-0.178488034808468
-0.165480621983239
-0.152386484208155
-0.141697150085823
-0.199781180639388
-0.169596551389102
-0.180199290465254
-0.129379797836981
0.020763546104891
-0.176837905003351
-0.164551929964808
-0.159644833240331
-0.186092686471113
-0.177793383460448
-0.175175237394233
-0.152715011329635
-0.160087192485787
-0.187767854820991
-0.176223139658082
-0.118208984238352
-0.117296185975356
-0.176411228068840
-0.080075948252057
-0.128422856342084
-0.180962169020644
-0.032276347995014
-0.179182275946724
-0.014990046001347
-0.195656218732884
-0.161208776282283
-0.145841484587415
-0.188254485012524
-0.192042108604556
-0.153736594919797
-0.165391929754143
-0.188162670411971
-0.128261338500491
-0.158384386027377
-0.167098082440578
-0.159686346539399
-0.170739733258201
-0.174294581927051
-0.190435874917528
-0.179305578256649
-0.175417948945852
-0.178250647132740
-0.196220471602386
-0.187982364907673
-0.168416674039122
-0.159630301581309
-0.182791640576905
-0.114658393283032
-0.160656345853432
-0.157469481405128
-0.168007161881115
-0.181887931152856
-0.141045150345259
-0.113215843413685
-0.115472314454234
-0.153267310143978
-0.170715681952314
0.324605015684174
0.399036979375586
0.025951125789542
0.355141405572836
-0.123152974648230
0.010794732660149
0.296368064987043
-0.121554823216035
0.183498315852053
0.503516504192099
0.095031813972145
-0.206601669095564
-0.041503987272973
0.106771050599186
0.142853266295323
0.049689392944112
0.693561970644957
0.009202308204883
-0.218962017976788
0.604432865750305
-0.278691830774045
-0.171227454944760
0.423442645726520
0.034722944936958
-0.046677315416760
-0.121043208668105
0.352416896649058
0.282356604409761
0.471077201679940
0.210349745682696
0.090229726682077
0.078746015677337
0.028875260859037
0.036993549884571
0.138869638030249
-0.211766027534305
0.230035766911905
-0.160208215222839
-0.047454497678351
0.108515764286234
0.157241507019814
0.153235168830522
0.026990373806449
0.318719583679232
0.081628797617365
-0.097401054703228
0.027548065991646
-0.077843074181990
-0.224164754942709
0.025661247500454
-0.069558161511295
-0.244948974358129
-0.169478146889788
0.068861003143124
-0.097679444860888
-0.106883231598954
-0.003720406001567
-0.054836808454958
-0.129094804481381
0.189333353801965
-0.020659881796972
-0.121887570122472
-0.147766563210419
0.454426393381292
-0.247107325122667
-0.299194590183202
-0.136097943667415
-0.016520427879280
-0.095839322139114
0.236105188601958
-0.142064212616383
0.716680092236709
-0.169847752087537
0.257229159364874
-0.190853393436394
-0.145737190909867
-0.022222577382593
0.184780892357172
0.044766796733953
0.253258048025280
-0.298771776636614
-0.141026848343818
0.641979862119270
-0.291256639132519
-0.308105671021222
0.967760722944910
-0.228869340898751
0.410133673977077
0.176879366292627
-0.150008831627918
-0.139447335874910
-0.088315026796880
0.241998285490723
-0.070928414159062
0.006219040954237
0.421176431727832
-0.067755066063546
-0.096188090576665
0.085878426894739
-0.278762322827971
-0.088029393511715
0.042643231101226
0.404063047752810
0.155535217802124
-0.164490539662285
-0.005613922675077
0.692442905530312
-0.165169021062555
-0.060759684423705
-0.087963511602306
0.277623914907337
-0.112837281953929
0.067998935233688
0.473735728987621
-0.194060674847800
0.432477578751130
0.402146316197642
0.401968313270660
-0.155077939982608
0.087899400202008
0.307464284872222
-0.065553212360118
0.028771617049554
-0.132643813660996
-0.180003989168964
-0.159225473428328
-0.056287348570666
-0.078888112738254
0.303514916191131
-0.156561664472926
-0.117301480594084
-0.039753149668539
0.009689071765700
-0.004766982964651
-0.094187675012912
0.114187449057730
0.267902189699518
-0.093455352515781
-0.154150889920268
-0.166221411371961
-0.108713434997253
0.042964660390750
-0.090986350443671
-0.174737957105233
0.119398594534114
-0.173792320002528
0.257461966476160
0.344551724178064
-0.137445696752743
0.167281978909222
-0.039333546191384
-0.130492713937353
-0.068376262944850
0.001501106926361
0.087561068704758
-0.105181976531622
-0.093690034959780
-0.107436595554309
-0.158615528541941
0.339206507046620
-0.148202852448181
-0.261027519000970
-0.106720829990035
-0.027176637203832
0.003915286622548
-0.085643811621447
0.080932066872203
-0.136037981146494
0.020060619090069
-0.091760445772650
-0.117667698615397
0.005443780643118
-0.146605847956667
0.231797906602408
-0.150271881009507
-0.032030731540472
-0.137178687511961
0.036751199186062
-0.155020352621746
-0.092545219400679
-0.076232471652919
-0.151644981870942
-0.022812008945195
-0.096798662869534
-0.112130663989817
0.209888036511711
-0.147254113483667
0.157449384702026
-0.103803444905324
-0.096260881182861
-0.023134879191873
-0.095744397572900
-0.140932611787015
-0.078093298715327
-0.182697242259758
0.326205606266378
0.177420989846537
-0.201597035247075
0.013309679522734
-0.111240884829862
-0.218868688112505
-0.134570395566764
0.008887627360474
0.051230422282349
-0.030487870902090
0.220863097439320
-0.113385591196100
0.019452604159662
0.114826618665392
-0.179667489811727
-0.032487007957249
-0.184211917121535
-0.201941725627438
-0.187680070177295
0.131956372348368
0.330741329026684
-0.235708532151132
-0.077529059307766
-0.232610043661806
-0.071144547681536
0.446046995029485
0.654479735815943
0.272189252055836
-0.160000749793936
0.531579270495825
-0.106305228154007
-0.135316913922803
0.058578135361690
-0.008021880082076
-0.135820014320488
0.439586865607879
-0.127052149580503
0.200972799518693
0.345002506229374
0.308833775311533
-0.191286915639619
0.140297122751414
0.244116902572153
0.018868705444984
0.047113991172965
0.043510575366526
0.178800005887304
0.839426564966430
-0.181132790050759
-0.142256193149247
0.144794956268745
-0.087637278604375
-0.179391549363516
0.300672979619109
0.121868008408359
-0.131299855865310
-0.169357031493738
0.132674061049864
-0.053325118777740
0.182394593766484
-0.085144326721830
-0.207812622502276
0.088077354565868
0.403832669253485
0.400428817929838
-0.014614377040750
-0.036744507481098
0.559179909382330
-0.232374494715085
0.446060751279556
0.031298988155058
-0.109766240557906
-0.192833008046893
0.084316208592806
0.271822492221893
-0.131126368049824
-0.167912600354769
-0.154575269225890
-0.174286784550579
-0.196872777074918
0.876158218113697
0.150746622304534
0.088788993178792
0.247155128734440
-0.133262589551803
-0.040700310662428
-0.207710417002067
-0.201635093106895
0.350475865819538
-0.191238958127467
-0.243265974882670
-0.139442267720147
0.153574305953203
0.055909394712672
-0.183237944966725
0.384789146943835
0.051677787364666
0.263091539018052
-0.116675822446483
0.169685188168121
-0.144567686873147
-0.032679930364275
-0.034973081077319
0.100289825977358
0.037108915307967
-0.143402779121195
-0.149000676570056
-0.293392505563439
0.272782160083629
-0.122420562742470
-0.048167208343774
0.035824969817125
0.037442485872203
-0.168557742027020
-0.133078165516669
-0.115424484201213
0.383552421695766
0.069509794629180
0.040431796812738
-0.152188315577499
-0.301425585603310
-0.273160257514569
0.205846910141917
-0.135019037731805
-0.000385846755444
0.027415852403527
-0.010477998962380
-0.054149336474964
-0.138053450593364
-0.084393328582809
-0.128281541573303
0.336441160420960
-0.085688770275239
-0.221790134983363
-0.145389824135644
0.050452899645437
0.189751312906322
-0.036551178613485
0.373216457201549
0.073101034945371
0.540047557328690
0.103889869629134
0.018813203381695
-0.105915912500515
-0.099303106237751
-0.035973572660526
0.085277897509181
-0.121899119828623
-0.132577634966515
0.113671972750562
-0.094610035853655
0.541733311817160
0.327543371792424
-0.121637722690842
-0.153457140622081
-0.043646184629043
-0.082574768226294
-0.147370469805408
-0.069204570883911
-0.163291790318188
-0.008777958997597
-0.034277807317340
-0.140647488636373
0.155708801299196
0.123364382270501
-0.117262236410192
0.894445036550288
-0.086272336688687
0.199084556406350
0.703171420408448
-0.108668571223912
-0.254912169499583
-0.144176387880844
-0.158868617398091
0.004164742642350
-0.143871345791979
-0.137000178637446
0.175978927815558
0.237508322593578
-0.135005774995015
-0.098660929222980
-0.101405870136467
0.112146046981088
-0.133243418602793
0.007526031458283
-0.109522508432680
-0.139175155972296
0.002337977452512
-0.141052413425717
-0.059788625222270
-0.147465685123248
-0.142023051594163
-0.042161814474835
0.029354793858636
-0.116030459968260
0.136605505644856
-0.132902426100350
-0.119121837479885
-0.140996365297642
0.180276120098645
0.346506298209220
-0.282751619056189
0.583927341086429
-0.092287927722157
-0.119332680653007
-0.113746739118944
-0.039229812612092
0.159863558181099
-0.013834348644424
-0.139618956969302
-0.028260765523812
0.528411504524377
-0.124867001523103
-0.101267164095436
-0.102189757720992
0.097528258060435
0.246411185861933
0.054600136752023
0.422376044626483
-0.150653530596409
0.365191817210173
0.117289163446393
0.437869899371032
-0.138847545564313
-0.073221177137750
0.183623490764620
-0.054665517447220
-0.022115636273321
-0.134873796305328
-0.145231758747753
-0.139944434324223
-0.175734101964535
-0.081228567342880
0.083199329358966
-0.143395381733013
-0.103488505351128
0.005965770213853
-0.055252064352106
-0.131991905841888
-0.063527391301662
0.489415597492332
0.134729609636717
-0.112888772304792
-0.145105949994944
-0.129304085170789
-0.123289963860756
-0.075711884399592
-0.129401160285056
-0.152550249408128
0.069208320377015
-0.147421483859298
0.074455028949591
0.604031866033994
-0.136272998796757
0.016035137771051
-0.031594233431495
-0.123489243813217
-0.090437372134575
-0.120296024638059
0.047880992145173
-0.108712248664393
-0.126311544482250
-0.118905250605026
-0.043427885399757
0.145478196309891
-0.142672883641386
-0.046229405856731
-0.053512756226126
-0.085524456130741
0.057221765047245
-0.094384698477609
0.498056650321034
-0.132550432898489
-0.067700586161890
-0.127558845527298
-0.127441018917799
-0.076971950584956
-0.124386477132752
0.027430293442030
-0.135403568202886
-0.020076881013599
-0.132887060235265
-0.009606166066854
-0.078499977326908
-0.129828073107549
-0.084716350928073
-0.137938873698745
-0.130696436741288
-0.104605444163536
-0.107433663382328
0.025101660417824
-0.133918597635585
-0.002819651981838
-0.060135199441738
-0.105075411212911
-0.028041840331687
-0.113081448693393
-0.139109755921535
-0.114645587444409
-0.187943410334946
0.227495024603188
0.512961860423059
-0.026108512126139
-0.031327664110222
-0.111754153307025
-0.237569996550687
-0.219481102961416
-0.205705332660161
-0.231858341242041
-0.235732460148276
-0.202469151994050
-0.366319453849050
-0.206589095044155
-0.195027819666611
-0.235639228200064
-0.196490882214968
-0.526041840545401
-0.231884002736241
-0.322517080807113
-0.207551702893341
-0.215717134031286
-0.187456084093955
-0.455687592588063
-0.247086841186283
-0.201245034833449
-0.231065640952923
-0.214397632572709
-0.176625402977121
-0.220557499943948
-0.196713401046615
-0.231129912816982
-0.197233525921650
-0.214126251534746
-0.200739826394943
-0.230807836909997
-0.184031399543333
-0.234062171632775
-0.194671850945516
-0.208701509008303
-0.215836430412333
-0.530418142316547
-0.229272453054784
-0.205147747096531
-0.200550667766571
-0.231500378741873
-0.210845602282532
-0.211756542415566
-0.182231511830607
-0.246064963218799
-0.269676873660844
-0.233927822008512
-0.294944612793432
-0.486440766454663
-0.224192725583637
-0.206191451576496
-0.217764270591671
-0.234087456469412
-0.232882378943877
-0.186807133170618
-0.219429035636243
-0.212692002502128
-0.224960701769080
-0.227041846099482
-0.224964120450003
-0.245375821901988
-0.230196486507887
-0.416738411491490
-0.208599530794556
-0.223772514278666
-0.323603369434488
-0.234469380773449
-0.466562798392911
-0.236364491096089
-0.207064382306892
-0.194502917794975
-0.237497093841968
-0.223582092789226
-0.207690851252538
-0.225117762404453
-0.239598708938120
-0.203435724813805
-0.212050932273309
-0.215068824527766
-0.206937403097165
-0.210913948777958
-0.229545478375318
-0.240546057497364
-0.206430798728742
-0.227390009274450
-0.228484878543320
-0.207265164362294
-0.238161714410353
-0.214147256014770
-0.209998526547169
-0.226074907030234
-0.201823379239319
-0.208127990925203
-0.197293356424323
-0.215482488667384
-0.207870503838491
-0.311292477725502
-0.390963899952655
-0.421125039335950
-0.195543159434014
-0.224312187172180
0.002129077046458
0.049766923697077
0.199260786970061
0.554329689781691
-0.152547691220320
0.003879532009789
0.294917261013464
-0.032694467859030
-0.206242922140976
-0.052472288457588
0.471195673133514
-0.278573125562488
0.552626743891232
0.669024943484428
-0.210486410146964
-0.173456135913590
0.429872227695151
0.100347756498124
-0.215329773908938
0.315894502161708
0.087911654297956
-0.191940380001862
0.020005829116662
-0.008041945501982
-0.156797065054250
-0.218440133382256
0.776819560378263
-0.044220532344353
0.045058355925225
-0.178144101627912
0.006592180333478
0.506705055335740
-0.013445379660157
0.188896619666047
0.010556862200568
0.012021355748865
0.098829491263053
0.068656228155395
0.024600561708070
-0.120787734646691
-0.056501026070190
0.278280355182765
-0.186351698194838
-0.135359688517833
0.022173669816628
-0.151340840806592
0.607028106067562
0.330668131646308
-0.161712506591027
0.060834380673463
0.172854298526416
-0.113344913071149
-0.092527197342283
-0.168659969945050
0.037222206499182
0.076837063228876
0.188027584312717
-0.134647093396320
-0.101193333412618
0.002622578631595
-0.094978365987098
-0.006865923914802
-0.109792220615597
-0.070642609816926
-0.007381696977906
-0.102570617068128
-0.386322808226680
-0.109471743081969
0.068139287880046
-0.057927629598996
-0.130582448172928
-0.022899016997797
0.196686871938486
1.091096185788250
-0.184396226051945
-0.132475087459877
-0.180193427547997
0.217847795023023
-0.080782943475131
0.217665941004126
-0.081082796886017
-0.154129511834080
0.507586313112719
-0.144629634103693
-0.040771451129258
0.323564141070180
-0.211908946980966
-0.087668717323568
0.052020871194002
0.070327647578756
0.080026893415667
0.023735743190332
-0.214201389055240
-0.022924322966773
-0.130918162668200
0.278685491428148
-0.337311193148201
-0.161712572066611
-0.108790939781394
-0.132964945646837
-0.149057343706120
-0.140172644419107
-0.078882449325221
0.141223133873969
-0.137462170721277
-0.049518944733510
0.292439202017539
-0.121721062666053
-0.153139041419958
-0.138007770852637
-0.045492886569548
0.344923713489123
0.003384919769114
0.211198144407977
-0.159327097162083
-0.052812614036944
-0.143611002857409
0.414356008859995
-0.140937398721746
-0.078767513374288
0.122843551633296
-0.059671318863868
-0.058981786354654
-0.133304148758760
-0.120715666749610
-0.141136899663911
0.002582326570418
-0.103941378839660
-0.162726907486257
-0.145244930850524
-0.044784841816199
0.047227651945982
-0.059507438478021
0.049145872861946
-0.083836118270248
0.640390527489828
0.046751822246492
-0.073008318704626
-0.142028324875485
-0.121902869570214
-0.119231938486454
-0.011114761231870
-0.138254161357752
-0.150098617480000
-0.017081959477203
-0.127803434719749
0.259539229320660
0.554183701078642
-0.141538955182284
-0.112626605494663
-0.113637515479202
-0.128240589604243
-0.129851809775273
-0.182393367451540
-0.074050819835318
-0.088400472546509
-0.110674211835861
-0.136567672730983
-0.015769533499151
0.080034436260591
-0.133004583881397
0.252728508804172
-0.077938819772058
-0.104920225651326
0.368883125334392
-0.124065683419251
0.106240058960681
-0.149004347741946
-0.122895403190379
-0.099673698482523
-0.142940728551412
-0.144115874602092
-0.065025742408236
0.056140789123788
-0.139141577356954
-0.066393477983035
-0.125819163452917
-0.044569885338309
-0.150083344862842
-0.099038967803954
-0.119306020229136
-0.142310467371594
-0.090803057384180
-0.133285734435696
-0.118629723727188
-0.138457892626184
-0.141128646626000
-0.097300189912049
-0.078572114709380
-0.119703471418027
0.006761499147208
-0.135726364784237
-0.150665796763031
-0.132986293072567
-0.152018745723598
0.223270594423734
0.071445867857103
0.148389978229481
-0.110926093244174
-0.131921081389684
0.182571347292557
0.072225600794327
0.309636567767768
-0.092343643796836
-0.242090459341135
0.125718246304798
-0.064497344698261
0.374727998123908
0.570024359825845
-0.413520732461081
0.201288213787638
-0.151472736125450
0.300744474321808
-0.120878653359684
0.020089021109394
-0.122857315124031
-0.008209361323314
-0.013825476938176
-0.063570627221047
-0.013895332704942
-0.089536578909110
-0.048856032955438
-0.099714981119956
0.033376951536915
-0.140845704936088
-0.007563708603666
0.230648551500840
-0.352961642328260
0.115714942156718
-0.072824665470558
-0.017659042376577
0.157563859508104
0.392921715280452
-0.066381819360058
-0.240987632623032
-0.099518016478260
-0.124958380099538
0.186556079059867
0.095296808442049
-0.442816660806046
0.285763210490606
-0.112365464546968
-0.084283349112133
-0.407881759836844
0.119520063410844
-0.368048465177678
0.095942750661514
-0.116142313435970
-0.017529618869226
-0.020336866602882
0.275366927548643
0.656066303955415
0.192668638968643
0.315036554240180
0.129140428146064
0.526478965903876
0.800173276405056
-0.038315486230435
0.023249121189267
-0.104689127523965
-0.235286719402451
0.029030086271055
-0.040218712720876
0.082136400610422
-0.071536573497007
0.349640988694051
-0.115048181165030
0.449162086496739
0.267421695526301
-0.053669094248338
0.142783145241520
-0.042064852621271
0.752930889417379
0.234902310941154
-0.064915120455685
-0.109513387051040
-0.044715095454733
-0.153542705470000
-0.202486759625183
0.706744350943157
0.501715060447639
-0.082084596680732
0.257588159948657
-0.103800045604369
0.781043495480606
0.096019086538109
0.250313466000149
-0.041892858955780
-0.031025689824818
0.553562590187545
0.041097919711610
-0.126513593380220
0.216236526418787
0.068367977928998
0.274453324853852
-0.003248008509570
-0.120084305973600
-0.027333906818206
0.254508716960688
0.225830016574216
-0.145919075358391
-0.129404475051945
0.150776712692312
0.352631445518219
-0.135316903495455
0.015946120690486
0.005274546867310
-0.039555957680409
-0.207578251704333
-0.118863846253861
0.169836559563475
-0.013145146733251
0.288955829567710
0.626483135355172
-0.178203346666165
0.020162902055131
0.054179769734650
-0.073595383092736
-0.160664562819441
-0.013365526658961
0.412833589236376
-0.105056903586105
-0.057359261772345
-0.098522650624342
-0.141794072200962
-0.166879324236172
0.295756982828521
-0.072537478597413
-0.146483230292621
-0.164947691477458
-0.026340691748849
0.348441543764817
-0.056692540764982
0.163913589349488
0.196765315722514
0.200302574858963
0.244528399069562
0.002921470393703
-0.050121959177736
-0.114778930423473
-0.156298240575893
0.146309264126648
-0.209991087529741
-0.151413336236199
0.056517897717781
-0.137274810712194
0.490835281857050
0.559718950831906
-0.168035583817997
-0.034933288142114
0.176892738862116
-0.139419816131396
-0.132435131109199
-0.174799814607981
-0.024865796938662
-0.012982841220506
-0.089317036951882
-0.153320905662233
0.129733675961746
0.091957743977385
-0.123698729876019
0.039598454980175
-0.078799698012255
0.036373535318201
0.351703132858373
-0.117411573669816
-0.196538054276568
-0.163284144953534
-0.078988380377478
0.017539739938301
-0.148805047111965
-0.173459369036835
0.043361357457551
0.368542180221300
-0.154684296270196
-0.143148434340466
-0.135405780712311
0.058043480378803
-0.023115131840686
-0.062061453484659
-0.103933717729127
-0.147887503090893
0.006606885898764
-0.143747561137012
-0.097840896606469
-0.092330892156222
-0.164213036068386
-0.196908648038945
0.020311060550137
-0.063894853256587
0.198052966238454
-0.066044127030724
-0.209014664904512
-0.102631093446716
-0.188161567599732
0.098508464292420
-0.123177501607244
-0.057978094426051
-0.044976059068993
-0.126694726118806
-0.279282777312978
-0.215897246981966
-0.014262392656161
-0.093204400995522
-0.021226353714601
0.461004261704416
-0.158825762089270
0.956537043549649
0.026582436029956
-0.260500601393518
-0.077912055690835
-0.182851945684358
0.140704898755137
-0.164850912651143
0.029850507567874
-0.185031667607320
-0.206026030862869
-0.139123252588166
-0.232940132949405
-0.085074186393626
0.238268084150878
0.133308994869845
-0.139909495229865
0.047623888324351
0.081494046159011
-0.057785347122193
0.211322349527121
-0.194972306241168
-0.269882924635455
-0.231550942855734
0.188711004778631
0.310451603796942
0.025482301015616
0.386952604110224
-0.174989868608994
-0.159199566954511
-0.213308434921216
0.510363842922242
0.240414517110407
-0.217885217033519
0.358562519753601
-0.094700634960096
-0.051708095014985
-0.262562153438273
0.207316078749005
-0.131539480438093
-0.037039572761348
-0.128451998880845
0.231644187425071
-0.196206406667829
0.187479305912181
0.194802947736906
0.013964164237140
0.029695501802743
0.191023913458416
0.424401733760510
0.023967706612298
-0.010694812997995
0.877045124004746
-0.210442309633012
-0.058730961417519
0.180343852773499
0.487018358675858
-0.015362914903063
0.359956085617168
0.284223436118556
-0.155778896345262
-0.166623629053555
-0.147417773110980
-0.036156654932000
-0.183997532433111
-0.209734325267371
0.909150440969272
-0.047735633227403
-0.188557569415028
0.217691620508789
-0.005457009799569
0.145528590217315
0.007725808966652
0.151919562506497
0.355026621605193
-0.231376250249638
-0.105760281812865
-0.031539691248327
0.320981880332723
-0.244650654307975
-0.069825361008932
-0.180650558441188
0.201976314012144
-0.083169205314874
0.442942426640399
-0.015175981886796
0.218497379689946
-0.106315500304848
0.628957321593475
-0.053612252673604
-0.145724055571569
0.096568664570163
0.326208806733173
0.188071383447150
-0.144928315955787
-0.122137354491915
-0.056067689060186
0.069800639737101
-0.148353005159177
-0.060454892034142
0.423617576219160
-0.123506379102360
-0.132658265516725
-0.149378290967220
-0.062938713599043
0.235307726602617
-0.036722152651975
0.093587869530172
-0.154438354326063
-0.037868582500221
-0.109044704795772
0.553310200879159
-0.153381375928927
-0.053568744624473
0.051769829599955
-0.081141827986062
-0.071662916919883
-0.137400589979717
-0.121243099205114
-0.148338556877493
-0.036183891425170
-0.124901115823997
-0.110676405403152
-0.151913789102990
-0.073046108672766
-0.042705214435357
-0.072917890510523
0.007609761265176
-0.162178171833031
0.589929987780326
-0.051363399357645
-0.078917452119492
-0.139271032244962
-0.141090992466008
-0.096658975967568
-0.046021181721249
-0.101672992177007
-0.164529123127747
-0.020324560174891
-0.138764080779872
0.168318575383567
0.416012191507247
-0.131247906428668
-0.103956823406280
-0.149614834044088
-0.134950420495836
-0.121911165819430
-0.160301381701612
-0.042184587774787
-0.103728742740260
-0.101498560752597
-0.130496932783889
-0.087239335429524
0.072903142465261
-0.138723570710952
0.119714119434272
-0.069133557997762
-0.193160457278914
0.205156478083559
-0.125153521005675
0.129649475797057
-0.151821163255118
-0.105350134819772
-0.117313439789437
-0.147980503137282
-0.123349900868070
-0.089837967264702
0.054298816215663
-0.148785709997999
-0.031284456815913
-0.129059010301059
-0.042040559683210
-0.169911434882981
-0.091744832636278
-0.120286144126874
-0.153817788616692
-0.075167860890368
-0.127495958327998
-0.127444515819176
-0.094764980941008
-0.149327764684868
-0.070658835443734
-0.114488661575620
-0.131853235927262
-0.061855328155860
-0.132828450742105
-0.127410145910228
-0.131311820030888
-0.133311878500259
0.175030062519248
0.073129231690367
0.039888718341067
-0.102345702121387
-0.134251431009511
-0.116158277391961
-0.079152136668112
0.102248759817336
0.061813724499949
-0.150541405975636
0.080623495437756
0.613652968347091
-0.161005878568359
-0.006099290631476
-0.137264482550002
-0.029651370031005
0.190819898188201
-0.047966667453057
-0.206739322420136
-0.154759199960875
0.054373388888367
-0.058297986758993
0.895963283735781
-0.144496494718017
-0.014564856735420
0.078641893215045
0.259052028391346
0.078120318844389
-0.135089143096581
-0.055199449005632
-0.142756678712813
-0.054761750396172
-0.098037165916120
-0.012994915235317
-0.127254798186770
0.026879306683039
0.036188821874852
0.024451267665253
0.027704582358224
-0.317169396323112
0.238920553700270
-0.008328371941854
-0.128526460290828
-0.178987830451863
-0.132084768860341
-0.068458978220075
-0.087052569764556
0.081930575872608
-0.155374176808086
0.234336852468269
-0.119764930460285
0.065379005498221
-0.148260705890003
-0.111200285210203
-0.056857107298747
-0.214807848209463
-0.102288179676812
-0.138650986350333
0.180560763898555
-0.075451214631889
-0.071831530269297
-0.100261114772012
-0.107494226017981
-0.140188050020656
0.177706143076317
-0.146966101675566
0.107149574946921
-0.146953401279687
0.320605925579519
0.261387547255085
-0.131408381427010
0.299153534787162
-0.128920130883918
-0.115133998891109
-0.101723305875698
-0.139087326173842
-0.041899404569979
-0.065453281127845
-0.080847580013203
-0.141970319618228
-0.027232173824449
-0.132368151428051
-0.015898927912727
-0.222806841331989
-0.077109003864157
-0.113811202715736
-0.142451248357975
-0.057611201959009
-0.139754653507040
-0.094378184181775
-0.011525298845311
-0.135613875642781
0.587334066530406
-0.049484534790334
-0.097615582892793
0.040690415298964
-0.142388772168296
0.014207251516449
-0.105739572613698
0.171560785082531
0.561827419091711
0.222042893132119
0.194237228889357
0.096051155140297
-0.124803492256722
-0.139237363365076
-0.129186760327953
-0.168848864582505
-0.122391836775729
-0.144836466650454
-0.099154817446664
0.103713708098593
-0.114255692924365
-0.118429265445629
-0.144903668231541
-0.092335724838837
0.524074094393041
-0.060793509512778
-0.022232648447505
-0.128293480454401
-0.140924808900984
-0.155768687413957
0.314255696169834
-0.149311305130035
-0.112857226792429
-0.165004775131901
-0.012181037597895
-0.063519912401978
-0.133445158391350
-0.120180257537731
-0.140579045420187
-0.126408517954332
-0.115171436139897
-0.148909344485900
-0.141205092321863
-0.071236850245253
0.000426795155301
-0.098738923897219
-0.167677167379629
-0.114929057020545
0.410465345481753
-0.057500919279254
-0.137040180061840
-0.130657313302698
-0.135013240007639
-0.133320726080068
-0.144078743100666
-0.135698203628191
-0.150850026671513
-0.012859726321842
-0.147273797430675
-0.113554725658458
0.209299133534438
-0.157892138369543
-0.145117465794485
-0.106236631494158
-0.135547098270772
-0.154471155117634
-0.081383452763243
-0.119349994816761
-0.114106467457733
-0.132032193629592
-0.149052369577855
-0.038405917491421
-0.099511248257799
-0.147126704837079
0.273387153847966
-0.099423372360802
0.033311889959998
0.003133302766097
-0.152529568211608
0.567951423553615
-0.142035611988319
-0.142751380896729
-0.131732542668122
-0.148183383202833
-0.130115091678877
-0.092730611570391
-0.098199615285267
-0.145038522695331
-0.120437476958334
-0.133762194956302
-0.090143486062755
-0.100126725400042
-0.116897081396601
-0.141967343986978
-0.145242627499906
-0.125871464158325
-0.163808483837106
-0.122386019567077
-0.117932971744022
-0.146544192470669
0.014815773478793
-0.067594082361379
-0.126047332906576
-0.061057669997461
-0.132734691997159
-0.123907443575036
-0.133122634702319
-0.046739339081027
0.079146357127944
0.340825514720265
0.278661565691501
-0.110798152505760
-0.141567149930688
-0.078412828360923
-0.041370918034810
-0.159760134496195
0.076862935997730
-0.161305322744112
-0.054864259120846
0.118268106606350
0.051651773531775
-0.007543325181688
-0.156125797900220
-0.170266606415863
0.131404692905237
-0.168064371304977
-0.303686496628146
-0.074150400465583
-0.172293066942695
-0.199538336005549
0.246727427979673
-0.156718651834910
0.026282369151934
-0.088135719945863
0.448156446275597
0.024676084983070
-0.161300354200942
0.033488170096868
-0.129596396632370
0.032204935435626
-0.156112747846417
-0.128807648605773
-0.150714681403922
0.096136921274066
-0.042856019344984
-0.014363666794802
0.275288908239317
0.017494640091792
-0.172728720646626
0.056863226214058
0.000469871655626
-0.134670115912137
-0.169383206762507
0.165045748397029
0.046878227752855
0.343924033832940
-0.157471604116541
0.510000437105887
-0.083173367445319
0.140918504939768
-0.428202854419051
0.054835906984108
-0.212621889978393
-0.066405162050044
-0.058967590371995
-0.061120368501326
0.403004231808698
0.061493623617421
-0.064742248429048
-0.025356961632833
-0.100790550083279
0.016963313440139
0.459793258288549
-0.161244642830117
0.621241788190226
0.039386504617251
0.570180073108876
0.410046232630289
-0.069074404654351
0.084060322872131
-0.082237109124663
-0.146357331581891
0.008289493866624
-0.144049233842299
-0.019239512918210
0.040439650057550
-0.076606637335043
-0.154202475045314
0.179308193048548
-0.088606002312203
0.089132519396784
-0.204244735902898
0.027284483659336
-0.085986956438656
-0.151133317450657
-0.055552184389337
-0.124481063550368
-0.067362137038520
-0.001037326782885
-0.145423350271222
0.699906641361169
-0.050576540653289
-0.118754789305436
0.035429356119376
-0.183477229345790
0.233667106241307
-0.170604143567468
0.940979152461310
0.241780763646143
0.016209900528170
0.793786182557699
0.311301662404326
-0.122111953672992
-0.106699107958100
0.012829137308744
0.324879922345149
-0.020343412038113
-0.147200143939845
-0.010150503525665
0.521930699708552
-0.122991719851070
-0.070649192577108
-0.079310902870846
0.297643305222432
0.026706557814429
0.125278723544573
0.579153172397679
-0.156127422243483
0.611265542957661
0.337498322801199
0.312099245212703
-0.148902360494361
-0.068029511655413
0.300095257179817
-0.008961919596582
0.052022989165292
-0.140435008393744
-0.161367492021277
-0.149450939337071
-0.193166133095109
-0.038061520642714
0.250451157602677
-0.152511559168431
-0.109879436614331
0.048191327778568
-0.015128544699019
-0.190848965454576
-0.008511247323307
0.245267451803135
0.289733775804779
-0.119008980555144
-0.146954645229533
-0.128445659889969
-0.149766451877686
-0.067273685671356
-0.143267777576797
-0.163798973641452
0.053932731861815
-0.166258641496650
0.022104157992640
0.553495835416247
-0.145880326367036
0.161691720011052
0.044368267630835
-0.121270380547599
-0.068117143262800
-0.068420456669809
0.084853402560432
-0.100823746016325
-0.131896741741623
-0.121982460970601
-0.037062454938557
0.171777440349541
-0.157058407639661
-0.247109781082828
-0.039408069711496
-0.046811977150527
-0.045459074162279
-0.067180115558728
0.461395016538587
-0.133457885531356
-0.023448044209061
-0.140647705338464
-0.121191355498319
-0.063249842137481
-0.125110674455788
0.055481011820365
-0.142793720590704
-0.027669666548394
-0.139468448020444
0.004537310333016
0.000445294622770
-0.142122584637510
-0.053606888181754
-0.142697655026646
-0.134016105224724
-0.079681235363749
-0.091760000301794
0.109529796478148
-0.138075159053037
0.025684813507421
-0.016293454092757
-0.081968932851493
0.036370093341098
-0.080221755737034
-0.158591360967132
-0.098991680722646
-0.220110902655384
0.210040105396778
0.569495072135755
-0.203780539321934
0.000072112584970
-0.089031509233816
-0.131219888038272
-0.046442397077429
0.119299549762001
-0.181957401645003
-0.124733714056710
0.060872205592903
0.051203743491502
-0.016238077657441
0.094291011866062
-0.128121026513845
0.047777225890703
-0.003038976332718
-0.008811350543478
0.015861377726605
-0.005567446632313
0.687131136013115
0.011086956475416
0.001064763782726
-0.176055250336295
-0.129750603289605
-0.039186177943191
0.604937358387201
0.179430803334870
-0.185546266226708
0.070994702706483
-0.146483737951391
-0.194202438450165
-0.047268304926457
0.139121118783740
-0.133335091301417
-0.008615715384022
0.111211525823385
-0.021214296645064
-0.340147136673969
0.067950475804656
-0.145521889854303
0.172232235967875
-0.202065031800528
-0.149892496264448
-0.081518283132855
-0.136415754981788
-0.192545252214575
0.271321575558341
-0.176487116754380
0.216712842029059
-0.115507520920135
-0.252347525687425
-0.122161230213934
-0.030259692368706
-0.014034010474485
0.065198491788082
-0.127278443799529
-0.005347079976032
0.205051990620479
0.124152510814176
-0.121770614542242
-0.150368737484584
-0.092151028460653
0.214481349370142
0.112636767541488
-0.224259337714866
-0.086788676347394
0.220728076271957
0.319529092899567
-0.113885495046009
-0.048303289937564
0.855696868729931
-0.138634088378763
-0.077985308840526
-0.138128541360077
-0.140223614739262
-0.086900280894054
-0.114253523668092
-0.149885680574161
-0.162349051290112
0.305344529126447
-0.143486218944196
-0.005389921152460
0.283829545023265
-0.138760026967137
-0.039268335869032
-0.168056770613935
-0.154721972292256
0.050550202317675
-0.103040008429769
-0.037027389540366
-0.135605142480452
0.359104506731385
0.087667177065032
-0.113889149603269
0.074109186105673
-0.098250081896045
0.040273398918410
-0.143397721188551
0.152721028503056
0.033099741073827
1.035828804135760
0.046189349022089
0.170669749822391
-0.043177924929456
-0.116666791593436
0.363747268148678
-0.229873736174464
-0.058518727745737
0.116160613873222
0.087685984880975
-0.276542291152908
-0.043372509062832
0.286361868373806
0.159890937998721
0.453153674589401
-0.111905902305391
0.016510898251716
0.035322052301195
0.627106825376117
-0.084637170248629
0.473080748758610
-0.248338893818011
-0.238208877811648
0.455944878920669
-0.216272375548927
-0.133737801086069
0.237380972658749
0.438448435373343
0.104155220201438
0.241356192934380
0.377124446050348
0.393258519373449
0.166498980831766
0.128443442988936
0.324331173413525
0.212094534303469
0.258673777311160
0.003406750576183
0.501796481057675
-0.152096885742029
0.235590834680768
0.100791306319184
0.797017435913515
0.026617916733771
0.074709995513177
0.203106056514412
-0.066890615258483
0.102650962209498
-0.198511602505695
-0.265559337834053
-0.221631424735230
-0.113930178503974
-0.373267427072818
0.255583335952919
-0.043474086104921
-0.326732714242265
-0.237299097285765
0.220841204799489
-0.118408043525074
0.096899558409232
-0.337914011772573
-0.184929418997646
-0.023975491817777
-0.078904882316902
0.082109098362374
-0.063902702791971
0.126010570927101
0.135788629088977
-0.172826332586994
-0.405630870636452
-0.109007594104497
-0.235603718620188
0.137338471944811
0.396896406067150
-0.135119355179083
0.150567214909067
-0.092305026758283
0.127511337328987
-0.073121539508715
-0.116733038037269
0.609408343259494
0.438426649583887
0.793619373351409
0.007258051919488
-0.356941892944784
0.057967983171082
0.137164279885903
-0.379403937837539
-0.309896659100706
0.256356961290403
-0.214831991688364
-0.270996540748472
0.617963801851504
-0.116698370620473
0.246425165231326
0.656664417887932
0.168982144587041
0.445721904806768
-0.016034391943428
-0.207742964840962
-0.077180923310014
-0.115809905978614
0.077961037149175
-0.004532287543436
-0.139752411579498
-0.123935209213923
-0.234602326752672
-0.100526878052827
-0.150383923540895
-0.151153940917521
-0.061829275723847
-0.037003806998989
-0.138791795182264
-0.137353216740315
-0.104208110517359
0.572398589374770
-0.037272238971775
0.037539887111359
-0.118729649397368
-0.166360959909564
-0.154771714727018
0.025897359484691
-0.157138416171101
-0.107910515186548
-0.173298622174902
-0.025488004410137
-0.073188616517585
-0.145359744305427
-0.124606472732209
-0.146222283599141
-0.106258572532542
-0.107734120708444
-0.152716804658879
-0.144294807390229
-0.078909994488896
-0.028399551718626
-0.099731725037462
-0.132528885098120
0.054493475339927
0.256855159404872
0.003686069723682
-0.119289606234902
-0.129720237712201
-0.134730404031121
-0.136895661361278
-0.102654904929651
-0.122511648081446
-0.148563137799515
-0.035935723672328
-0.150266820875088
-0.015146614061629
0.268331954002317
-0.163671249477304
-0.146038527668666
0.010417295627688
-0.151198804977820
-0.147252116215217
-0.092073262381500
-0.069315051319165
-0.133050897056660
-0.141419405476687
-0.163438192133439
0.062092631623233
-0.028877524117185
-0.153890232310493
0.417648051531327
-0.003861593840766
0.028738674021169
0.070114782571049
-0.156839959427495
0.308140085781932
-0.147165340625489
-0.156373816398693
-0.105035250918673
-0.155821290050766
-0.129663082802087
-0.098798517441208
-0.080714618568665
-0.152901274929100
-0.054471417430747
-0.124221198022129
-0.069321258659027
-0.022887963460037
-0.123972673485830
-0.159753889711280
-0.151150508562191
-0.130606469064829
-0.166401640833137
-0.138372852919084
-0.115132605148007
-0.158096549261841
-0.060144851514832
-0.058543080585786
-0.140037052154209
-0.060953833121090
-0.139281257150343
-0.138374964541550
-0.146964555070601
-0.045030718606921
-0.020972262709852
0.169080817739311
0.448793732460403
-0.137460972200982
-0.155896350348771
-0.126533562079353
-0.016114518663383
0.301586916130796
0.102895658073493
-0.158056469975969
0.090298301314560
0.420768950118781
-0.185638805960989
0.184836353143223
-0.040548413090204
0.210998319445127
-0.282020090651947
-0.090392860991180
-0.096223716881435
-0.125612220578247
0.678067715323236
0.328586757885956
0.295193490217211
-0.191157993863686
0.057479440533024
0.198883476313052
0.559707850986803
0.635257524731578
-0.175415613437986
0.224882079326067
-0.164776376668674
-0.091372694124846
0.157120293107918
0.436754074439275
-0.073330949707714
0.307086732883004
0.022137402555341
0.157369013089937
-0.056153750276397
-0.205996526738128
-0.302084033554347
0.513677429807549
-0.192064725505334
-0.223939250273635
0.012941367557919
-0.083661764430811
-0.050227729694394
0.438475450022575
-0.152579104281838
0.039036616379233
0.010535091589041
-0.112362440861136
-0.288157015461131
-0.013529682528393
0.269269298863973
-0.150935940444340
-0.107064783884231
-0.072814865472825
0.243524460384884
-0.045142683669465
-0.064048650321657
-0.122494025461383
-0.042805614281255
-0.149849800076000
0.500393668528979
-0.195714898292772
-0.217493049627736
-0.110922045558274
0.487724472133061
0.032671263060019
-0.102187501358676
0.212853432184373
-0.138518561187201
-0.012515479234793
-0.057783945307724
-0.145223000958006
0.027198523689506
-0.119253856094483
-0.124598819842127
-0.172243784360429
0.156781589162658
-0.115880881181336
-0.038069714015703
-0.105492618998535
-0.064073935397197
-0.087307825684077
-0.175968246722761
-0.032836079502929
-0.012497360474695
-0.114495465961401
0.119552332193332
-0.140046572086140
0.972425978246042
0.000513213107588
-0.085950586871180
0.107296019871719
-0.134965950345144
0.226439761894831
-0.064397620490471
0.067827687643008
0.450338505871893
0.387782952019820
-0.190818131340267
0.218746939767373
-0.076539451638298
